1   0  0  1       7.7251482       1.9523794
2   0  1  1       9.1054614     100.0000000
3   0  2  0       9.6337173      13.1213836
4   0  2  1      12.3599818       3.5942516
5   1  0  0      12.6076080       2.4609568
6   1  1  0      13.5018901      27.3926696
7   1  0  -1     13.8505279       6.4170996
8   0  3  0      14.4719997       6.0345953
9   1  1  -1     14.6705681       8.0568240
10  0  0  2      15.4856872      18.3621782
11  1  0  1      15.6981210       9.3727075
12  1  2  0      15.8907525       5.9217839
13  0  1  2      16.2250511       5.8816552
14  0  3  1      16.4242925       9.5080856
15  1  1  1      16.4281682      24.4950808
16  1  2  -1     16.8984848      10.2700001
17  0  2  2      18.2690580       3.9843392
18  1  2  1      18.4503345       6.7860392
19  1  0  -2     18.5929063       2.8926615
20  1  1  -2     19.2163781       7.2955231
21  1  3  0      19.2380657      13.0739198
22  0  4  0      19.3363790       0.7122902
23  1  3  -1     20.0834583       0.4783345
24  0  4  1      20.8500369       5.2829503
25  1  2  -2     20.9799751      29.7006001
26  0  3  2      21.2564495       7.2217358
27  1  0  2      21.3518622       5.0327047
28  1  3  1      21.4133922       3.3608614
29  1  1  2      21.8999660       8.9456101
30  1  4  0      23.1500109      16.3858943
31  0  0  3      23.3184943       4.1112838
32  1  2  2      23.4712894       0.9560803
33  1  3  -2     23.6407476      10.3234016
34  0  1  3      23.8236401       5.2983015
35  1  4  -1     23.8631334       8.8318138
36  0  5  0      24.2362209       3.7150915
37  0  4  2      24.8667651       7.1549491
38  1  0  -3     24.9683867       0.7898093
39  1  4  1      25.0022044       4.3917543
40  0  2  3      25.2820510       4.2414971
41  2  0  0      25.3711513       1.7607250
42  1  1  -3     25.4427151       3.1087643
43  0  5  1      25.4733958       7.0031403
44  2  0  -1     25.4849456       2.4603797
45  2  1  0      25.8385701       2.8714849
46  1  3  2      25.8902720       2.9844751
47  2  1  -1     25.9504523       5.9926654
48  1  2  -3     26.8187073      16.2649509
49  1  4  -2     26.9504509       3.5455474
50  2  2  0      27.1959256       1.2390585
51  2  2  -1     27.3026404       0.5470528
52  1  5  0      27.4083164       4.0726706
53  0  3  3      27.5523538       1.1518195
54  2  0  1      27.5939469       0.8474437
55  2  0  -2     27.9087475       2.8638199
56  1  5  -1     28.0199178       2.5589533
57  2  1  1      28.0269159       6.1592511
58  1  0  3      28.1309803       3.4829020
59  2  1  -2     28.3372904      11.0681075
60  1  1  3      28.5564599       1.6817463
61  0  5  2      28.8889196       5.4547351
62  1  4  2      28.9605922       0.8390911
63  1  3  -3     28.9774182       1.3138037
64  1  5  1      29.0068887       6.4631104
65  0  6  0      29.1815018       0.0179125
66  2  2  1      29.2905184       0.8013799
67  2  3  0      29.3290501       0.3220431
68  2  3  -1     29.4286475       3.5521069
69  2  2  -2     29.5887491       4.5141362
70  1  2  3      29.7995008       2.0436394
71  0  6  1      30.2308499       1.3650390
72  0  4  3      30.4683306       2.0226191
73  1  5  -2     30.7205969       3.2853357
74  0  0  4      31.2635983       1.4161736
75  2  3  1      31.2929879       0.2350839
76  2  3  -2     31.5740612       3.2246314
77  0  1  4      31.6506760       0.8719770
78  2  0  2      31.7009409       1.5423241
79  1  3  3      31.7728889       1.0263187
80  1  4  -3     31.7739992       1.4325709
81  1  6  0      31.9004728       1.4392164
82  2  1  2      32.0832849       0.9416562
83  2  4  0      32.0978290       0.8953397
84  1  0  -4     32.0999527       0.3034377
85  2  0  -3     32.1628414       3.3015814
86  2  4  -1     32.1896647       0.7320735
87  1  6  -1     32.4347186       1.3704736
88  1  1  -4     32.4780961       1.1554711
89  1  5  2      32.5179757       2.4324115
90  2  1  -3     32.5403326       2.8587988
91  0  2  4      32.7873218       1.9610363
92  0  6  2      33.1987017       0.9181305
93  2  2  2      33.2067073       1.3284447
94  1  6  1      33.3028386       2.5023441
95  1  2  -4     33.5897646       1.3332892
96  2  2  -3     33.6501749       1.8510383
97  0  5  3      33.8828239       1.7627946
98  2  4  1      33.9173426       0.6225082
99  2  4  -2     34.1791476       1.7724445
100 0  7  0      34.1830163       0.2193890
101 1  4  3      34.3645432       0.3141066
102 0  3  4      34.6078453       0.2839034
103 1  6  -2     34.8262719       0.7773178
104 2  3  2      35.0079585       0.3353837
105 1  5  -3     35.0748914       0.3574995
106 0  7  1      35.0978348       1.3442028
107 2  5  0      35.3718860       0.6147832
108 1  3  -4     35.3738354       0.6883951
109 2  3  -3     35.4315723       0.8962075
110 2  5  -1     35.4562040       1.8436609
111 1  0  4      35.4886377       0.0957761
112 1  1  4      35.8351218       0.5859887
113 1  6  2      36.4436397       0.1721479
114 1  7  0      36.5694816       0.7265365
115 1  2  4      36.8576358       0.7775389
116 0  4  4      37.0243542       0.6828594
117 1  7  -1     37.0442300       0.9095781
118 2  5  1      37.0496873       0.7065355
119 2  0  3      37.1363543       0.0578731
120 2  5  -2     37.2922945       0.4707825
121 2  4  2      37.4020030       0.2998541
122 1  5  3      37.4642667       1.2205557
123 2  1  3      37.4696718       1.5902079
124 0  6  3      37.6836322       0.6811196
125 2  0  -4     37.6992469       1.6768133
126 0  7  2      37.7261515       0.3886495
127 1  4  -4     37.7477826       1.9416956
128 2  4  -3     37.8023861       0.3919838
129 1  7  1      37.8193691       0.3684466
130 2  1  -4     38.0283523       0.5670274
131 3  0  -1     38.1636780       0.8104944
132 2  2  3      38.4548230       0.5654060
133 3  0  0      38.4648340       0.3904923
134 3  1  -1     38.4894103       0.8417346
135 1  3  4      38.5099034       0.2421863
136 1  6  -3     38.7741700       0.1615195
137 3  1  0      38.7884268       0.3395686
138 2  2  -4     39.0015171       0.5382413
139 2  6  0      39.0468887       0.4702332
140 2  6  -1     39.1243862       1.4846936
141 1  7  -2     39.1899767       1.3105596
142 0  8  0      39.2526277       0.5221309
143 0  0  5      39.3662452       0.8969607
144 3  2  -1     39.4529646       0.5914405
145 3  0  -2     39.5241832       0.1654524
146 0  1  5      39.6836493       1.0406787
147 1  0  -5     39.6862811       0.3555607
148 3  2  0      39.7458798       0.2643908
149 3  1  -2     39.8405351       0.7955352
150 0  5  4      39.9460358       0.0621228
151 1  1  -5     40.0015628       0.2475622
152 2  3  3      40.0510949       2.4546214
153 0  8  1      40.0673864       1.4384782
154 2  5  2      40.3004480       2.3442979
155 3  0  1      40.3963147       0.0304067
156 2  3  -4     40.5797329       0.3083559
157 2  6  1      40.5946510       0.5317646
158 0  2  5      40.6234314       0.8309143
159 1  5  -4     40.6253634       1.6274602
160 1  7  2      40.6582595       0.7802153
161 2  5  -3     40.6767075       0.7977658
162 3  1  1      40.7070207       0.8020294
163 1  4  4      40.7274734       0.1360474
164 3  2  -2     40.7773094       0.4165558
165 2  6  -2     40.8194043       0.3554573
166 1  2  -5     40.9352767       1.4195620
167 1  6  3      40.9788594       0.6502243
168 3  3  -1     41.0166715       0.1402688
169 3  3  0      41.3003614       0.5340273
170 1  8  0      41.3878392       1.1395397
171 3  2  1      41.6276399       0.0847767
172 0  7  3      41.7922794       0.4899568
173 1  8  -1     41.8162293       0.2020958
174 0  3  5      42.1511301       1.5082743
175 2  4  3      42.2010797       1.0242907
176 3  3  -2     42.3004401       0.2004147
177 3  0  -3     42.4121865       0.1986244
178 0  8  2      42.4335130       0.2732691
179 1  3  -5     42.4537567       0.2278769
180 1  8  1      42.5180688       0.6053376
181 2  4  -4     42.7077822       0.2035590
182 3  1  -3     42.7108352       0.8498357
183 1  7  -3     42.7950988       0.4130337
184 2  7  0      43.0466398       0.5547342
185 2  7  -1     43.1181730       0.1021472
186 3  3  1      43.1261897       0.9886709
187 3  4  -1     43.1270449       0.1510758
188 1  0  5      43.2444067       0.2711983
189 0  6  4      43.2920206       0.4295892
190 3  4  0      43.3994729       0.2219508
191 1  5  4      43.4402803       0.5586003
192 2  0  4      43.4938566       0.0737229
193 1  1  5      43.5384484       0.3493139
194 3  2  -3     43.5968620       0.9379192
195 2  6  2      43.6240756       1.2458149
196 1  8  -2     43.7659427       0.0265927
197 3  0  2      43.7786167       0.6128894
198 2  1  4      43.7865567       0.3073576
199 1  6  -4     43.9288479       0.1440323
200 2  6  -3     43.9770393       0.4751189
201 3  1  2      44.0698068       0.0766875
202 2  0  -5     44.1290675       0.1176187
203 0  4  5      44.2174467       0.3115671
204 3  4  -2     44.3611485       0.9271489
205 0  9  0      44.4035798       0.0773703
206 1  2  5      44.4112259       0.2299565
207 2  1  -5     44.4184301       0.1042658
208 2  7  1      44.4796237       0.3367185
209 1  4  -5     44.5087512       1.5013737
210 2  2  4      44.6554728       0.0395565
211 2  7  -2     44.6884437       0.7931922
212 1  7  3      44.8367032       0.2016114
213 2  5  3      44.8413661       0.1635772
214 3  2  2      44.9343749       0.6160560
215 3  3  -3     45.0425236       0.2277363
216 1  8  2      45.1118004       0.2571717
217 0  9  1      45.1419096       0.3508970
218 3  4  1      45.1566475       1.1655174
219 2  2  -5     45.2777338       0.2021056
220 2  5  -4     45.3243658       0.1925684
221 3  5  -1     45.7244702       0.2701034
222 1  3  5      45.8365413       0.0994037
223 3  5  0      45.9846648       0.2069964
224 2  3  4      46.0748491       0.3063422
225 0  8  3      46.1571884       0.0601435
226 1  9  0      46.3448123       0.3155057
227 3  3  2      46.3470592       0.2001511
228 1  6  4      46.5824367       0.8197268
229 3  0  -4     46.5977252       0.1100156
230 2  3  -5     46.6823085       0.4192000
231 1  9  -1     46.7366637       0.4469127
232 0  5  5      46.7668959       0.6923225
233 3  1  -4     46.8751188       0.1858935
234 3  5  -2     46.9044680       0.1339152
235 0  7  4      46.9970610       0.1656730
236 3  4  -3     47.0074851       0.9082491
237 1  5  -5     47.0458201       0.4742926
238 1  8  -3     47.0856390       0.1689577
239 0  9  2      47.3026136       0.2995904
240 2  7  2      47.3085783       0.4255700
241 2  8  0      47.3190897       0.3123968
242 1  9  1      47.3802562       0.1147992
243 2  8  -1     47.3855186       0.4922904
244 1  7  -4     47.5947918       0.2572951
245 1  0  -6     47.6365491       0.0787267
246 2  7  -3     47.6400739       0.2279111
247 3  5  1      47.6668150       0.0695221
248 0  0  6      47.6796920       0.0351165
249 3  2  -4     47.6998784       0.5164588
250 1  4  5      47.7761606       0.6172058
251 1  1  -6     47.9093429       0.1197314
252 2  6  3      47.9112769       0.6210310
253 0  1  6      47.9523000       0.2749669
254 2  4  4      48.0070562       0.0456967
255 3  4  2      48.2709062       0.3089153
256 2  6  -4     48.3709265       0.1168329
257 1  9  -2     48.5293078       0.2444131
258 2  4  -5     48.5960132       0.2277115
259 3  1  3      48.6406118       0.4459836
260 2  8  1      48.6531195       0.4340199
261 1  2  -6     48.7207984       0.0608317
262 3  6  -1     48.7513342       0.2649886
263 0  2  6      48.7632177       0.5546291
264 2  8  -2     48.8480823       0.1211464
265 1  8  3      48.9865875       0.1165255
266 3  6  0      48.9991955       0.4156188
267 3  3  -4     49.0510566       0.7680003
268 3  2  3      49.4430678       0.0521402
269 3  5  -3     49.4453764       0.3509074
270 0  10 0      49.6508962       0.0528399
271 0  6  5      49.7452749       0.0732556
272 1  9  2      49.7749916       0.1074517
273 3  6  -2     49.8766296       0.3368878