1.110223e-16
0.268302
0.5492542
0.4635045
0.4547223
0.411612
0.3632895
0.3484644
0.3218263
0.3174533
0.3008914
0.2651649
0.2798615
0.2473
0.1862201
0.2115584
0.2862985
0.2861965
0.247344
0.2850563
0.3400445
0.2770212
0.2576823
0.2917091
0.2875272
0.3061127
0.293658
0.3005772
0.3617183
0.3941975
0.3745119
0.3946628
0.3767291
0.3997444
0.3986113
0.3351785
0.3340374
0.3734129
0.3242375
0.2935417
0.3564781
0.3801205
0.3816067
0.3848501
0.4451635
0.4590726
0.4185415
0.4645328
0.5401658
0.4841668
0.420029
0.5074873
0.4620528
0.3901616
0.3673627
0.4046345
0.374661
0.4006706
0.3962815
0.3936208
0.4012035
0.3475396
0.3407166
0.3441052
0.3493702
0.3218534
0.3354043
0.3807516
0.418589
0.4011314
0.3369861
0.3638314
0.3570391
0.3462826
0.3530527
0.3745986
0.3654644
0.36751
0.3422429
0.3458434
0.3396856
0.346663
0.3225681
0.33747
0.3265464
0.3226876
0.3642565
0.4389898
0.4600236
0.3356906
0.3330028
0.3794536
0.3778636
0.3473239
0.3378059
0.3680555
0.4418745
0.461573
0.492152
0.4842543
0.4330952
0.3891784
0.3694476
0.36757
0.3829554
0.3972128
0.4635529
0.4567878
0.3627096
0.3457794
0.3513894
0.373198
0.3890074
0.3788201
0.5065024
0.5848756
0.3624535
0.3546565
0.4194518
0.420299
0.3353462
0.346075
0.4462877
0.6108766
0.5066952
0.3792057
0.4188988
0.4910489
0.4756654
0.4344245
0.4272806
0.4448767
