1   0  2  1      12.2378706      27.9209038
2   1  0  -1     13.8322976      43.6902613
3   0  0  2      15.3269760       6.9627253
4   1  0  1      15.5926334      57.8353910
5   1  2  0      15.8126481       3.4146880
6   1  2  -1     16.8301250      18.5400706
7   0  2  2      18.0843033       4.8817186
8   1  2  1      18.3110566      54.0982871
9   0  4  0      19.1486144       3.8299335
10  0  4  1      20.6456027      16.6104088
11  1  2  -2     20.8696244      12.5712794
12  1  4  0      22.9770828       0.4884743
13  1  2  2      23.2504066       7.7706858
14  1  4  -1     23.6988589      57.3093588
15  0  4  2      24.6181756      82.0376596
16  1  4  1      24.7876229       3.9389340
17  1  0  -3     24.8149032       8.1567346
18  0  2  3      25.0224463       0.4108650
19  2  0  0      25.3163552       0.0264833
20  1  2  -3     26.6406832       0.3182040
21  1  4  -2     26.7604713     100.0000000
22  2  2  0      27.1106321       0.0727783
23  2  2  -1     27.2472578      17.2260169
24  1  0  3      27.8393137       0.0427814
25  2  0  -2     27.8714535       5.3529477
26  1  4  2      28.6826420       0.4946563
27  2  2  1      29.1398223       5.4476192
28  1  2  3      29.4915293       6.5325337
29  2  2  -2     29.5220191       1.0980701
30  0  6  1      29.9320386       0.6804007
31  0  4  3      30.1577662       1.7880467
32  0  0  4      30.9370888       0.2864095
33  2  0  2      31.4837261       0.0339291
34  1  4  -3     31.5329789       5.6951292
35  1  6  0      31.6248349       0.3445186
36  2  4  0      31.9368705       0.2397493
37  2  4  -1     32.0546507       1.2969547
38  1  6  -1     32.1659964       0.0283512
39  0  2  4      32.4457257       0.0413517
40  0  6  2      32.8659332       4.5633009
41  2  2  2      32.9699321       8.2658749
42  1  6  1      32.9961950       4.0917797
43  1  2  -4     33.3325605       1.8743060
44  2  2  -3     33.5389661       0.1263016
45  2  4  1      33.7017480       0.2994942
46  1  4  3      34.0108476       0.2300084
47  2  4  -2     34.0376856       0.2965762
48  1  6  -2     34.5395175       0.6369378
49  1  6  2      36.0863454       1.6361041
50  1  2  4      36.4587298      11.1245555
51  0  4  4      36.6397891       1.7631246
52  2  4  2      37.1118200       0.1461079
53  0  6  3      37.2990036      12.9950415
54  1  4  -4     37.4392436       0.0666510
55  2  0  -4     37.5423705       6.2734942
56  2  4  -3     37.6259270       3.0286223
57  3  0  -1     38.1196611       0.1938202
58  2  2  3      38.1222743       1.1528327
59  1  6  -3     38.4475269       0.2085396
60  2  6  0      38.7879140       3.1634933
61  2  2  -4     38.8244341       0.1235856
62  0  8  0      38.8597831       0.2151561
63  2  6  -1     38.8874277       4.3307788
64  1  0  -5     39.3575911       0.0030723
65  3  2  -1     39.3857898       0.0117911
66  3  2  0      39.6390247       3.7250493
67  0  8  1      39.6647853       0.2698533
68  0  2  5      40.1930381       1.8932485
69  3  0  1      40.2426234       3.9009333
70  1  4  4      40.2893709       0.1789334
71  2  6  1      40.2904733       0.0024544
72  1  6  3      40.5560429       0.1168858
73  2  6  -2     40.5791338       0.0240098
74  1  2  -5     40.5912302       0.2386316
75  3  2  -2     40.7188662       4.0796613
76  1  8  0      41.0031190       1.7201247
77  1  8  -1     41.4370396       1.5069406
78  3  2  1      41.4543533       2.1859493
79  2  4  3      41.8238671       1.3727731
80  0  8  2      42.0023988       1.8511033
81  1  8  1      42.1081158       0.5613717
82  3  0  -3     42.3539565       0.3215047
83  2  4  -4     42.4748450       5.8553169
84  1  0  5      42.7611394       0.3677597
85  0  6  4      42.8411330       0.2999450
86  3  4  -1     42.9965998       0.4199546
87  2  0  4      43.0731241       0.8993974
88  3  4  0      43.2323414       0.1090756
89  2  6  2      43.2560899       0.3453512
90  1  8  -2     43.3720741       0.4860752
91  3  2  -3     43.5174483       4.3101294
92  1  6  -4     43.5447026       0.3252954
93  2  6  -3     43.7095374       1.1187392
94  0  4  5      43.7488657       1.1460445
95  1  2  5      43.9159333       0.1279369
96  1  4  -5     44.1207594       0.4733271
97  2  2  4      44.2213779       0.0509908
98  3  4  -2     44.2400777       0.0197665
99  1  8  2      44.6588549       0.1507045
100 3  2  2      44.6751570       0.1275765
101 3  4  1      44.9286666       0.0770476
102 2  2  -5     45.0209953       0.5137478
103 0  8  3      45.6805536       1.9578096
104 1  6  4      46.0820947       2.2883038
105 1  8  -3     46.6579665       2.9618824
106 3  4  -3     46.8690641       0.3699022
107 2  8  0      46.9493782       0.1161779
108 2  8  -1     47.0347195       0.0266533
109 0  0  6      47.1643526       0.2324453
110 1  4  5      47.2452628       0.4087464
111 2  6  3      47.4652727       0.0082159
112 2  4  4      47.5339180       0.3306583
113 3  2  -4     47.5748562       0.0070697
114 3  4  2      47.9632141       0.3594529
115 3  0  3      48.0274720       0.4022807
116 2  6  -4     48.0553380       0.4360447
117 0  2  6      48.2358875       0.4359894
118 2  8  1      48.2447522       0.2184005
119 1  2  -6     48.2821349       0.1305381
120 2  4  -5     48.2907547       0.1408843
121 1  8  3      48.4751752       1.4438971
122 2  8  -2     48.4952304       0.4963116
123 3  6  -1     48.5296150       5.1767524
124 3  6  0      48.7442872       0.1295479
125 3  2  3      49.0847522       0.3295525
126 0  6  5      49.2154602       0.6160354
127 1  6  -5     49.5553792       0.2432817
128 3  6  -2     49.6645569       0.0082483
129 0  10 1      49.8117075       0.1415214