#! FIELDS time m
 0.000000 0.000000
 0.002000 0.000083
 0.004000 0.000201
 0.006000 0.000058
 0.008000 0.000075
 0.010000 0.000068
 0.012000 0.000160
 0.014000 0.000312
 0.016000 0.000215
 0.018000 0.000175
 0.020000 0.000211
 0.022000 0.000353
 0.024000 0.000742
 0.026000 0.000719
 0.028000 0.000503
 0.030000 0.000546
 0.032000 0.000941
 0.034000 0.001364
 0.036000 0.001322
 0.038000 0.001177
 0.040000 0.001395
 0.042000 0.001954
 0.044000 0.002431
 0.046000 0.002812
 0.048000 0.002924
 0.050000 0.002869
 0.052000 0.002773
 0.054000 0.002574
 0.056000 0.002222
 0.058000 0.001662
 0.060000 0.001217
 0.062000 0.001056
 0.064000 0.001091
 0.066000 0.001242
 0.068000 0.001411
 0.070000 0.001542
 0.072000 0.001633
 0.074000 0.001729
 0.076000 0.001822
 0.078000 0.001843
 0.080000 0.001757
 0.082000 0.001650
 0.084000 0.001624
 0.086000 0.001631
 0.088000 0.001536
 0.090000 0.001347
 0.092000 0.001164
 0.094000 0.001004
 0.096000 0.000830
 0.098000 0.000646
 0.100000 0.000481
 0.102000 0.000347
 0.104000 0.000242
 0.106000 0.000161
 0.108000 0.000105
 0.110000 0.000070
 0.112000 0.000055
 0.114000 0.000057
 0.116000 0.000069
 0.118000 0.000088
 0.120000 0.000111
 0.122000 0.000139
 0.124000 0.000172
 0.126000 0.000201
 0.128000 0.000219
 0.130000 0.000234
 0.132000 0.000254
 0.134000 0.000275
 0.136000 0.000289
 0.138000 0.000302
 0.140000 0.000321
 0.142000 0.000346
 0.144000 0.000366
 0.146000 0.000382
 0.148000 0.000397
 0.150000 0.000410
 0.152000 0.000416
 0.154000 0.000418
 0.156000 0.000418
 0.158000 0.000411
 0.160000 0.000396
 0.162000 0.000376
 0.164000 0.000356
 0.166000 0.000332
 0.168000 0.000305
 0.170000 0.000279
 0.172000 0.000258
 0.174000 0.000239
 0.176000 0.000223
 0.178000 0.000209
 0.180000 0.000196
 0.182000 0.000184
 0.184000 0.000172
 0.186000 0.000160
 0.188000 0.000150
 0.190000 0.000143
 0.192000 0.000138
 0.194000 0.000130
 0.196000 0.000120
 0.198000 0.000111
 0.200000 0.000104
 0.202000 0.000096
 0.204000 0.000086
 0.206000 0.000079
 0.208000 0.000074
 0.210000 0.000070
 0.212000 0.000067
 0.214000 0.000067
 0.216000 0.000067
 0.218000 0.000070
 0.220000 0.000076
 0.222000 0.000084
 0.224000 0.000093
 0.226000 0.000103
 0.228000 0.000117
 0.230000 0.000132
 0.232000 0.000147
 0.234000 0.000163
 0.236000 0.000179
 0.238000 0.000193
 0.240000 0.000205
 0.242000 0.000215
 0.244000 0.000223
 0.246000 0.000226
 0.248000 0.000224
 0.250000 0.000221
 0.252000 0.000216
 0.254000 0.000207
 0.256000 0.000196
 0.258000 0.000186
 0.260000 0.000175
 0.262000 0.000163
 0.264000 0.000153
 0.266000 0.000144
 0.268000 0.000135
 0.270000 0.000126
 0.272000 0.000118
 0.274000 0.000111
 0.276000 0.000103
 0.278000 0.000096
 0.280000 0.000090
 0.282000 0.000086
 0.284000 0.000082
 0.286000 0.000078
 0.288000 0.000076
 0.290000 0.000075
 0.292000 0.000075
 0.294000 0.000075
 0.296000 0.000078
 0.298000 0.000082
 0.300000 0.000087
 0.302000 0.000094
 0.304000 0.000103
 0.306000 0.000113
 0.308000 0.000122
 0.310000 0.000132
 0.312000 0.000142
 0.314000 0.000150
 0.316000 0.000157
 0.318000 0.000162
 0.320000 0.000165
 0.322000 0.000167
 0.324000 0.000165
 0.326000 0.000160
 0.328000 0.000155
 0.330000 0.000146
 0.332000 0.000137
 0.334000 0.000126
 0.336000 0.000116
 0.338000 0.000105
 0.340000 0.000094
 0.342000 0.000084
 0.344000 0.000075
 0.346000 0.000067
 0.348000 0.000059
 0.350000 0.000054
 0.352000 0.000050
 0.354000 0.000046
 0.356000 0.000043
 0.358000 0.000042
 0.360000 0.000041
 0.362000 0.000040
 0.364000 0.000041
 0.366000 0.000042
 0.368000 0.000043
 0.370000 0.000045
 0.372000 0.000048
 0.374000 0.000052
 0.376000 0.000055
 0.378000 0.000058
 0.380000 0.000062
 0.382000 0.000066
 0.384000 0.000070
 0.386000 0.000073
 0.388000 0.000075
 0.390000 0.000079
 0.392000 0.000081
 0.394000 0.000082
 0.396000 0.000081
 0.398000 0.000080
 0.400000 0.000077
 0.402000 0.000073
 0.404000 0.000068
 0.406000 0.000062
 0.408000 0.000055
 0.410000 0.000050
 0.412000 0.000044
 0.414000 0.000040
 0.416000 0.000035
 0.418000 0.000032
 0.420000 0.000029
 0.422000 0.000027
 0.424000 0.000025
 0.426000 0.000024
 0.428000 0.000023
 0.430000 0.000023
 0.432000 0.000022
 0.434000 0.000022
 0.436000 0.000021
 0.438000 0.000021
 0.440000 0.000021
 0.442000 0.000021
 0.444000 0.000021
 0.446000 0.000021
 0.448000 0.000022
 0.450000 0.000023
 0.452000 0.000023
 0.454000 0.000024
 0.456000 0.000024
 0.458000 0.000024
 0.460000 0.000024
 0.462000 0.000024
 0.464000 0.000024
 0.466000 0.000023
 0.468000 0.000023
 0.470000 0.000023
 0.472000 0.000023
 0.474000 0.000024
 0.476000 0.000025
 0.478000 0.000026
 0.480000 0.000027
 0.482000 0.000028
 0.484000 0.000030
 0.486000 0.000032
 0.488000 0.000036
 0.490000 0.000040
 0.492000 0.000046
 0.494000 0.000053
 0.496000 0.000060
 0.498000 0.000066
 0.500000 0.000072
 0.502000 0.000078
 0.504000 0.000083
 0.506000 0.000087
 0.508000 0.000089
 0.510000 0.000091
 0.512000 0.000091
 0.514000 0.000092
 0.516000 0.000091
 0.518000 0.000090
 0.520000 0.000088
 0.522000 0.000086
 0.524000 0.000085
 0.526000 0.000084
 0.528000 0.000082
 0.530000 0.000079
 0.532000 0.000078
 0.534000 0.000078
 0.536000 0.000080
 0.538000 0.000082
 0.540000 0.000085
 0.542000 0.000089
 0.544000 0.000092
 0.546000 0.000094
 0.548000 0.000095
 0.550000 0.000093
 0.552000 0.000091
 0.554000 0.000088
 0.556000 0.000084
 0.558000 0.000080
 0.560000 0.000076
 0.562000 0.000073
 0.564000 0.000069
 0.566000 0.000065
 0.568000 0.000059
 0.570000 0.000054
 0.572000 0.000049
 0.574000 0.000043
 0.576000 0.000038
 0.578000 0.000033
 0.580000 0.000030
 0.582000 0.000028
 0.584000 0.000026
 0.586000 0.000025
 0.588000 0.000023
 0.590000 0.000023
 0.592000 0.000023
 0.594000 0.000023
 0.596000 0.000023
 0.598000 0.000023
 0.600000 0.000023
 0.602000 0.000024
 0.604000 0.000025
 0.606000 0.000025
 0.608000 0.000026
 0.610000 0.000026
 0.612000 0.000026
 0.614000 0.000027
 0.616000 0.000028
 0.618000 0.000030
 0.620000 0.000032
 0.622000 0.000033
 0.624000 0.000034
 0.626000 0.000035
 0.628000 0.000036
 0.630000 0.000036
 0.632000 0.000037
 0.634000 0.000038
 0.636000 0.000041
 0.638000 0.000044
 0.640000 0.000047
 0.642000 0.000050
 0.644000 0.000054
 0.646000 0.000056
 0.648000 0.000056
 0.650000 0.000054
 0.652000 0.000052
 0.654000 0.000048
 0.656000 0.000044
 0.658000 0.000040
 0.660000 0.000037
 0.662000 0.000035
 0.664000 0.000034
 0.666000 0.000034
 0.668000 0.000034
 0.670000 0.000035
 0.672000 0.000036
 0.674000 0.000037
 0.676000 0.000038
 0.678000 0.000037
 0.680000 0.000036
 0.682000 0.000035
 0.684000 0.000035
 0.686000 0.000035
 0.688000 0.000035
 0.690000 0.000036
 0.692000 0.000038
 0.694000 0.000039
 0.696000 0.000040
 0.698000 0.000039
 0.700000 0.000037
 0.702000 0.000034
 0.704000 0.000031
 0.706000 0.000028
 0.708000 0.000026
 0.710000 0.000025
 0.712000 0.000024
 0.714000 0.000025
 0.716000 0.000026
 0.718000 0.000027
 0.720000 0.000029
 0.722000 0.000031
 0.724000 0.000032
 0.726000 0.000034
 0.728000 0.000036
 0.730000 0.000038
 0.732000 0.000040
 0.734000 0.000042
 0.736000 0.000044
 0.738000 0.000046
 0.740000 0.000048
 0.742000 0.000051
 0.744000 0.000053
 0.746000 0.000056
 0.748000 0.000059
 0.750000 0.000061
 0.752000 0.000063
 0.754000 0.000065
 0.756000 0.000065
 0.758000 0.000065
 0.760000 0.000063
 0.762000 0.000061
 0.764000 0.000057
 0.766000 0.000054
 0.768000 0.000050
 0.770000 0.000047
 0.772000 0.000045
 0.774000 0.000043
 0.776000 0.000042
 0.778000 0.000041
 0.780000 0.000041
 0.782000 0.000040
 0.784000 0.000040
 0.786000 0.000040
 0.788000 0.000041
 0.790000 0.000041
 0.792000 0.000042
 0.794000 0.000042
 0.796000 0.000041
 0.798000 0.000040
 0.800000 0.000038
 0.802000 0.000035
 0.804000 0.000032
 0.806000 0.000029
 0.808000 0.000027
 0.810000 0.000025
 0.812000 0.000025
 0.814000 0.000024
 0.816000 0.000024
 0.818000 0.000025
 0.820000 0.000025
 0.822000 0.000025
 0.824000 0.000026
 0.826000 0.000027
 0.828000 0.000030
 0.830000 0.000034
 0.832000 0.000039
 0.834000 0.000045
 0.836000 0.000051
 0.838000 0.000057
 0.840000 0.000063
 0.842000 0.000068
 0.844000 0.000072
 0.846000 0.000075
 0.848000 0.000078
 0.850000 0.000081
 0.852000 0.000083
 0.854000 0.000085
 0.856000 0.000087
 0.858000 0.000090
 0.860000 0.000092
 0.862000 0.000093
 0.864000 0.000093
 0.866000 0.000093
 0.868000 0.000092
 0.870000 0.000090
 0.872000 0.000087
 0.874000 0.000082
 0.876000 0.000076
 0.878000 0.000070
 0.880000 0.000064
 0.882000 0.000058
 0.884000 0.000052
 0.886000 0.000046
 0.888000 0.000041
 0.890000 0.000036
 0.892000 0.000031
 0.894000 0.000027
 0.896000 0.000024
 0.898000 0.000022
 0.900000 0.000022
 0.902000 0.000022
 0.904000 0.000022
 0.906000 0.000022
 0.908000 0.000021
 0.910000 0.000020
 0.912000 0.000018
 0.914000 0.000016
 0.916000 0.000014
 0.918000 0.000013
 0.920000 0.000012
 0.922000 0.000013
 0.924000 0.000014
 0.926000 0.000016
 0.928000 0.000019
 0.930000 0.000022
 0.932000 0.000027
 0.934000 0.000033
 0.936000 0.000039
 0.938000 0.000044
 0.940000 0.000049
 0.942000 0.000053
 0.944000 0.000057
 0.946000 0.000059
 0.948000 0.000061
 0.950000 0.000062
 0.952000 0.000063
 0.954000 0.000063
 0.956000 0.000062
 0.958000 0.000062
 0.960000 0.000060
 0.962000 0.000057
 0.964000 0.000053
 0.966000 0.000049
 0.968000 0.000045
 0.970000 0.000040
 0.972000 0.000036
 0.974000 0.000031
 0.976000 0.000026
 0.978000 0.000022
 0.980000 0.000019
 0.982000 0.000016
 0.984000 0.000013
 0.986000 0.000012
 0.988000 0.000010
 0.990000 0.000010
 0.992000 0.000011
 0.994000 0.000013
 0.996000 0.000017
 0.998000 0.000022
 1.000000 0.000027
 1.002000 0.000033
 1.004000 0.000039
 1.006000 0.000046
 1.008000 0.000052
 1.010000 0.000057
 1.012000 0.000062
 1.014000 0.000066
 1.016000 0.000069
 1.018000 0.000070
 1.020000 0.000069
 1.022000 0.000070
 1.024000 0.000071
 1.026000 0.000074
 1.028000 0.000076
 1.030000 0.000079
 1.032000 0.000083
 1.034000 0.000088
 1.036000 0.000095
 1.038000 0.000102
 1.040000 0.000109
 1.042000 0.000115
 1.044000 0.000120
 1.046000 0.000124
 1.048000 0.000125
 1.050000 0.000122
 1.052000 0.000115
 1.054000 0.000106
 1.056000 0.000097
 1.058000 0.000089
 1.060000 0.000082
 1.062000 0.000076
 1.064000 0.000071
 1.066000 0.000067
 1.068000 0.000063
 1.070000 0.000059
 1.072000 0.000054
 1.074000 0.000049
 1.076000 0.000044
 1.078000 0.000040
 1.080000 0.000036
 1.082000 0.000033
 1.084000 0.000031
 1.086000 0.000030
 1.088000 0.000031
 1.090000 0.000033
 1.092000 0.000036
 1.094000 0.000040
 1.096000 0.000044
 1.098000 0.000048
 1.100000 0.000051
 1.102000 0.000052
 1.104000 0.000054
 1.106000 0.000054
 1.108000 0.000054
 1.110000 0.000054
 1.112000 0.000055
 1.114000 0.000055
 1.116000 0.000055
 1.118000 0.000055
 1.120000 0.000054
 1.122000 0.000054
 1.124000 0.000054
 1.126000 0.000054
 1.128000 0.000054
 1.130000 0.000054
 1.132000 0.000053
 1.134000 0.000052
 1.136000 0.000051
 1.138000 0.000049
 1.140000 0.000047
 1.142000 0.000046
 1.144000 0.000045
 1.146000 0.000044
 1.148000 0.000042
 1.150000 0.000039
 1.152000 0.000037
 1.154000 0.000036
 1.156000 0.000034
 1.158000 0.000032
 1.160000 0.000030
 1.162000 0.000028
 1.164000 0.000025
 1.166000 0.000023
 1.168000 0.000019
 1.170000 0.000017
 1.172000 0.000014
 1.174000 0.000013
 1.176000 0.000013
 1.178000 0.000013
 1.180000 0.000014
 1.182000 0.000017
 1.184000 0.000020
 1.186000 0.000024
 1.188000 0.000029
 1.190000 0.000034
 1.192000 0.000039
 1.194000 0.000044
 1.196000 0.000047
 1.198000 0.000050
 1.200000 0.000052
 1.202000 0.000052
 1.204000 0.000051
 1.206000 0.000049
 1.208000 0.000049
 1.210000 0.000050
 1.212000 0.000052
 1.214000 0.000054
 1.216000 0.000056
 1.218000 0.000058
 1.220000 0.000060
 1.222000 0.000062
 1.224000 0.000064
 1.226000 0.000065
 1.228000 0.000066
 1.230000 0.000066
 1.232000 0.000065
 1.234000 0.000063
 1.236000 0.000058
 1.238000 0.000054
 1.240000 0.000049
 1.242000 0.000046
 1.244000 0.000044
 1.246000 0.000042
 1.248000 0.000041
 1.250000 0.000041
 1.252000 0.000041
 1.254000 0.000041
 1.256000 0.000041
 1.258000 0.000042
 1.260000 0.000042
 1.262000 0.000044
 1.264000 0.000045
 1.266000 0.000047
 1.268000 0.000050
 1.270000 0.000053
 1.272000 0.000057
 1.274000 0.000061
 1.276000 0.000064
 1.278000 0.000064
 1.280000 0.000062
 1.282000 0.000059
 1.284000 0.000056
 1.286000 0.000053
 1.288000 0.000050
 1.290000 0.000049
 1.292000 0.000048
 1.294000 0.000048
 1.296000 0.000049
 1.298000 0.000051
 1.300000 0.000053
 1.302000 0.000055
 1.304000 0.000057
 1.306000 0.000060
 1.308000 0.000064
 1.310000 0.000067
 1.312000 0.000071
 1.314000 0.000074
 1.316000 0.000078
 1.318000 0.000081
 1.320000 0.000084
 1.322000 0.000086
 1.324000 0.000086
 1.326000 0.000085
 1.328000 0.000081
 1.330000 0.000076
 1.332000 0.000071
 1.334000 0.000067
 1.336000 0.000066
 1.338000 0.000065
 1.340000 0.000066
 1.342000 0.000068
 1.344000 0.000068
 1.346000 0.000067
 1.348000 0.000063
 1.350000 0.000058
 1.352000 0.000054
 1.354000 0.000051
 1.356000 0.000048
 1.358000 0.000045
 1.360000 0.000044
 1.362000 0.000044
 1.364000 0.000045
 1.366000 0.000047
 1.368000 0.000050
 1.370000 0.000053
 1.372000 0.000057
 1.374000 0.000061
 1.376000 0.000064
 1.378000 0.000067
 1.380000 0.000068
 1.382000 0.000068
 1.384000 0.000067
 1.386000 0.000065
 1.388000 0.000064
 1.390000 0.000062
 1.392000 0.000061
 1.394000 0.000059
 1.396000 0.000058
 1.398000 0.000057
 1.400000 0.000056
 1.402000 0.000054
 1.404000 0.000051
 1.406000 0.000047
 1.408000 0.000044
 1.410000 0.000041
 1.412000 0.000039
 1.414000 0.000037
 1.416000 0.000036
 1.418000 0.000036
 1.420000 0.000038
 1.422000 0.000039
 1.424000 0.000040
 1.426000 0.000040
 1.428000 0.000039
 1.430000 0.000038
 1.432000 0.000037
 1.434000 0.000036
 1.436000 0.000035
 1.438000 0.000036
 1.440000 0.000036
 1.442000 0.000037
 1.444000 0.000037
 1.446000 0.000037
 1.448000 0.000036
 1.450000 0.000035
 1.452000 0.000032
 1.454000 0.000030
 1.456000 0.000027
 1.458000 0.000025
 1.460000 0.000026
 1.462000 0.000027
 1.464000 0.000029
 1.466000 0.000031
 1.468000 0.000032
 1.470000 0.000032
 1.472000 0.000033
 1.474000 0.000033
 1.476000 0.000034
 1.478000 0.000035
 1.480000 0.000036
 1.482000 0.000037
 1.484000 0.000037
 1.486000 0.000036
 1.488000 0.000035
 1.490000 0.000034
 1.492000 0.000034
 1.494000 0.000033
 1.496000 0.000034
 1.498000 0.000034
 1.500000 0.000035
 1.502000 0.000035
 1.504000 0.000035
 1.506000 0.000035
 1.508000 0.000035
 1.510000 0.000034
 1.512000 0.000033
 1.514000 0.000032
 1.516000 0.000030
 1.518000 0.000027
 1.520000 0.000025
 1.522000 0.000022
 1.524000 0.000021
 1.526000 0.000021
 1.528000 0.000021
 1.530000 0.000022
 1.532000 0.000024
 1.534000 0.000027
 1.536000 0.000030
 1.538000 0.000033
 1.540000 0.000036
 1.542000 0.000038
 1.544000 0.000040
 1.546000 0.000041
 1.548000 0.000042
 1.550000 0.000042
 1.552000 0.000044
 1.554000 0.000046
 1.556000 0.000050
 1.558000 0.000054
 1.560000 0.000060
 1.562000 0.000064
 1.564000 0.000066
 1.566000 0.000066
 1.568000 0.000062
 1.570000 0.000056
 1.572000 0.000048
 1.574000 0.000041
 1.576000 0.000037
 1.578000 0.000036
 1.580000 0.000036
 1.582000 0.000038
 1.584000 0.000040
 1.586000 0.000042
 1.588000 0.000043
 1.590000 0.000042
 1.592000 0.000040
 1.594000 0.000037
 1.596000 0.000034
 1.598000 0.000032
 1.600000 0.000030
 1.602000 0.000030
 1.604000 0.000029
 1.606000 0.000029
 1.608000 0.000029
 1.610000 0.000029
 1.612000 0.000030
 1.614000 0.000030
 1.616000 0.000030
 1.618000 0.000030
 1.620000 0.000030
 1.622000 0.000030
 1.624000 0.000030
 1.626000 0.000029
 1.628000 0.000029
 1.630000 0.000029
 1.632000 0.000030
 1.634000 0.000032
 1.636000 0.000036
 1.638000 0.000042
 1.640000 0.000050
 1.642000 0.000059
 1.644000 0.000067
 1.646000 0.000073
 1.648000 0.000074
 1.650000 0.000072
 1.652000 0.000067
 1.654000 0.000062
 1.656000 0.000057
 1.658000 0.000052
 1.660000 0.000049
 1.662000 0.000047
 1.664000 0.000047
 1.666000 0.000048
 1.668000 0.000049
 1.670000 0.000050
 1.672000 0.000051
 1.674000 0.000051
 1.676000 0.000051
 1.678000 0.000050
 1.680000 0.000050
 1.682000 0.000049
 1.684000 0.000048
 1.686000 0.000047
 1.688000 0.000046
 1.690000 0.000045
 1.692000 0.000043
 1.694000 0.000040
 1.696000 0.000037
 1.698000 0.000034
 1.700000 0.000031
 1.702000 0.000029
 1.704000 0.000028
 1.706000 0.000027
 1.708000 0.000027
 1.710000 0.000028
 1.712000 0.000029
 1.714000 0.000030
 1.716000 0.000032
 1.718000 0.000033
 1.720000 0.000035
 1.722000 0.000038
 1.724000 0.000042
 1.726000 0.000046
 1.728000 0.000049
 1.730000 0.000053
 1.732000 0.000058
 1.734000 0.000064
 1.736000 0.000071
 1.738000 0.000079
 1.740000 0.000087
 1.742000 0.000095
 1.744000 0.000103
 1.746000 0.000108
 1.748000 0.000109
 1.750000 0.000107
 1.752000 0.000103
 1.754000 0.000099
 1.756000 0.000096
 1.758000 0.000093
 1.760000 0.000093
 1.762000 0.000095
 1.764000 0.000099
 1.766000 0.000103
 1.768000 0.000105
 1.770000 0.000106
 1.772000 0.000107
 1.774000 0.000107
 1.776000 0.000106
 1.778000 0.000104
 1.780000 0.000101
 1.782000 0.000097
 1.784000 0.000093
 1.786000 0.000088
 1.788000 0.000081
 1.790000 0.000072
 1.792000 0.000064
 1.794000 0.000058
 1.796000 0.000054
 1.798000 0.000052
 1.800000 0.000050
 1.802000 0.000050
 1.804000 0.000051
 1.806000 0.000052
 1.808000 0.000053
 1.810000 0.000052
 1.812000 0.000050
 1.814000 0.000050
 1.816000 0.000050
 1.818000 0.000051
 1.820000 0.000053
 1.822000 0.000054
 1.824000 0.000056
 1.826000 0.000058
 1.828000 0.000059
 1.830000 0.000058
 1.832000 0.000056
 1.834000 0.000052
 1.836000 0.000049
 1.838000 0.000044
 1.840000 0.000038
 1.842000 0.000033
 1.844000 0.000029
 1.846000 0.000026
 1.848000 0.000026
 1.850000 0.000026
 1.852000 0.000026
 1.854000 0.000026
 1.856000 0.000026
 1.858000 0.000025
 1.860000 0.000024
 1.862000 0.000024
 1.864000 0.000024
 1.866000 0.000025
 1.868000 0.000027
 1.870000 0.000029
 1.872000 0.000032
 1.874000 0.000034
 1.876000 0.000037
 1.878000 0.000039
 1.880000 0.000041
 1.882000 0.000043
 1.884000 0.000045
 1.886000 0.000046
 1.888000 0.000047
 1.890000 0.000048
 1.892000 0.000049
 1.894000 0.000050
 1.896000 0.000051
 1.898000 0.000054
 1.900000 0.000060
 1.902000 0.000068
 1.904000 0.000077
 1.906000 0.000088
 1.908000 0.000100
 1.910000 0.000114
 1.912000 0.000127
 1.914000 0.000140
 1.916000 0.000152
 1.918000 0.000165
 1.920000 0.000178
 1.922000 0.000191
 1.924000 0.000201
 1.926000 0.000209
 1.928000 0.000215
 1.930000 0.000221
 1.932000 0.000225
 1.934000 0.000224
 1.936000 0.000222
 1.938000 0.000220
 1.940000 0.000219
 1.942000 0.000219
 1.944000 0.000219
 1.946000 0.000217
 1.948000 0.000214
 1.950000 0.000208
 1.952000 0.000199
 1.954000 0.000185
 1.956000 0.000169
 1.958000 0.000152
 1.960000 0.000137
 1.962000 0.000123
 1.964000 0.000109
 1.966000 0.000094
 1.968000 0.000081
 1.970000 0.000069
 1.972000 0.000058
 1.974000 0.000049
 1.976000 0.000044
 1.978000 0.000041
 1.980000 0.000041
 1.982000 0.000043
 1.984000 0.000047
 1.986000 0.000051
 1.988000 0.000054
 1.990000 0.000057
 1.992000 0.000058
 1.994000 0.000057
 1.996000 0.000055
 1.998000 0.000053
 2.000000 0.000050
 2.002000 0.000046
 2.004000 0.000042
 2.006000 0.000037
 2.008000 0.000032
 2.010000 0.000027
 2.012000 0.000023
 2.014000 0.000020
 2.016000 0.000019
 2.018000 0.000018
 2.020000 0.000017
 2.022000 0.000016
 2.024000 0.000016
 2.026000 0.000017
 2.028000 0.000019
 2.030000 0.000023
 2.032000 0.000028
 2.034000 0.000035
 2.036000 0.000042
 2.038000 0.000049
 2.040000 0.000055
 2.042000 0.000061
 2.044000 0.000066
 2.046000 0.000071
 2.048000 0.000074
 2.050000 0.000076
 2.052000 0.000075
 2.054000 0.000072
 2.056000 0.000069
 2.058000 0.000064
 2.060000 0.000061
 2.062000 0.000059
 2.064000 0.000058
 2.066000 0.000060
 2.068000 0.000062
 2.070000 0.000063
 2.072000 0.000062
 2.074000 0.000059
 2.076000 0.000056
 2.078000 0.000052
 2.080000 0.000050
 2.082000 0.000049
 2.084000 0.000048
 2.086000 0.000048
 2.088000 0.000048
 2.090000 0.000047
 2.092000 0.000044
 2.094000 0.000042
 2.096000 0.000040
 2.098000 0.000039
 2.100000 0.000038
 2.102000 0.000037
 2.104000 0.000037
 2.106000 0.000037
 2.108000 0.000036
 2.110000 0.000035
 2.112000 0.000035
 2.114000 0.000034
 2.116000 0.000032
 2.118000 0.000030
 2.120000 0.000028
 2.122000 0.000026
 2.124000 0.000025
 2.126000 0.000025
 2.128000 0.000026
 2.130000 0.000029
 2.132000 0.000031
 2.134000 0.000034
 2.136000 0.000036
 2.138000 0.000038
 2.140000 0.000041
 2.142000 0.000045
 2.144000 0.000051
 2.146000 0.000057
 2.148000 0.000065
 2.150000 0.000073
 2.152000 0.000081
 2.154000 0.000088
 2.156000 0.000091
 2.158000 0.000093
 2.160000 0.000091
 2.162000 0.000088
 2.164000 0.000084
 2.166000 0.000079
 2.168000 0.000073
 2.170000 0.000067
 2.172000 0.000061
 2.174000 0.000056
 2.176000 0.000053
 2.178000 0.000050
 2.180000 0.000050
 2.182000 0.000050
 2.184000 0.000050
 2.186000 0.000050
 2.188000 0.000049
 2.190000 0.000046
 2.192000 0.000044
 2.194000 0.000043
 2.196000 0.000043
 2.198000 0.000043
 2.200000 0.000044
 2.202000 0.000045
 2.204000 0.000047
 2.206000 0.000048
 2.208000 0.000048
 2.210000 0.000046
 2.212000 0.000043
 2.214000 0.000040
 2.216000 0.000037
 2.218000 0.000035
 2.220000 0.000033
 2.222000 0.000031
 2.224000 0.000029
 2.226000 0.000027
 2.228000 0.000024
 2.230000 0.000021
 2.232000 0.000018
 2.234000 0.000015
 2.236000 0.000015
 2.238000 0.000014
 2.240000 0.000015
 2.242000 0.000015
 2.244000 0.000017
 2.246000 0.000018
 2.248000 0.000020
 2.250000 0.000022
 2.252000 0.000024
 2.254000 0.000026
 2.256000 0.000028
 2.258000 0.000030
 2.260000 0.000033
 2.262000 0.000036
 2.264000 0.000039
 2.266000 0.000042
 2.268000 0.000044
 2.270000 0.000045
 2.272000 0.000047
 2.274000 0.000047
 2.276000 0.000047
 2.278000 0.000048
 2.280000 0.000050
 2.282000 0.000053
 2.284000 0.000057
 2.286000 0.000062
 2.288000 0.000067
 2.290000 0.000073
 2.292000 0.000082
 2.294000 0.000093
 2.296000 0.000107
 2.298000 0.000123
 2.300000 0.000140
 2.302000 0.000159
 2.304000 0.000177
 2.306000 0.000192
 2.308000 0.000203
 2.310000 0.000210
 2.312000 0.000214
 2.314000 0.000214
 2.316000 0.000211
 2.318000 0.000208
 2.320000 0.000205
 2.322000 0.000203
 2.324000 0.000203
 2.326000 0.000202
 2.328000 0.000203
 2.330000 0.000204
 2.332000 0.000207
 2.334000 0.000210
 2.336000 0.000213
 2.338000 0.000215
 2.340000 0.000216
 2.342000 0.000215
 2.344000 0.000210
 2.346000 0.000202
 2.348000 0.000191
 2.350000 0.000179
 2.352000 0.000164
 2.354000 0.000148
 2.356000 0.000132
 2.358000 0.000117
 2.360000 0.000103
 2.362000 0.000091
 2.364000 0.000081
 2.366000 0.000072
 2.368000 0.000065
 2.370000 0.000060
 2.372000 0.000058
 2.374000 0.000055
 2.376000 0.000053
 2.378000 0.000050
 2.380000 0.000047
 2.382000 0.000044
 2.384000 0.000039
 2.386000 0.000035
 2.388000 0.000031
 2.390000 0.000027
 2.392000 0.000024
 2.394000 0.000022
 2.396000 0.000020
 2.398000 0.000018
 2.400000 0.000018
 2.402000 0.000018
 2.404000 0.000019
 2.406000 0.000022
 2.408000 0.000025
 2.410000 0.000029
 2.412000 0.000032
 2.414000 0.000034
 2.416000 0.000036
 2.418000 0.000037
 2.420000 0.000036
 2.422000 0.000036
 2.424000 0.000036
 2.426000 0.000036
 2.428000 0.000037
 2.430000 0.000038
 2.432000 0.000039
 2.434000 0.000041
 2.436000 0.000043
 2.438000 0.000047
 2.440000 0.000051
 2.442000 0.000058
 2.444000 0.000066
 2.446000 0.000076
 2.448000 0.000086
 2.450000 0.000096
 2.452000 0.000104
 2.454000 0.000111
 2.456000 0.000116
 2.458000 0.000122
 2.460000 0.000128
 2.462000 0.000134
 2.464000 0.000141
 2.466000 0.000149
 2.468000 0.000159
 2.470000 0.000169
 2.472000 0.000183
 2.474000 0.000200
 2.476000 0.000222
 2.478000 0.000250
 2.480000 0.000281
 2.482000 0.000316
 2.484000 0.000349
 2.486000 0.000378
 2.488000 0.000398
 2.490000 0.000411
 2.492000 0.000415
 2.494000 0.000413
 2.496000 0.000405
 2.498000 0.000389
 2.500000 0.000366
 2.502000 0.000339
 2.504000 0.000311
 2.506000 0.000285
 2.508000 0.000261
 2.510000 0.000239
 2.512000 0.000221
 2.514000 0.000207
 2.516000 0.000194
 2.518000 0.000183
 2.520000 0.000172
 2.522000 0.000161
 2.524000 0.000150
 2.526000 0.000139
 2.528000 0.000128
 2.530000 0.000116
 2.532000 0.000105
 2.534000 0.000094
 2.536000 0.000084
 2.538000 0.000074
 2.540000 0.000064
 2.542000 0.000055
 2.544000 0.000047
 2.546000 0.000041
 2.548000 0.000035
 2.550000 0.000031
 2.552000 0.000028
 2.554000 0.000025
 2.556000 0.000024
 2.558000 0.000023
 2.560000 0.000022
 2.562000 0.000022
 2.564000 0.000022
 2.566000 0.000023
 2.568000 0.000025
 2.570000 0.000027
 2.572000 0.000030
 2.574000 0.000035
 2.576000 0.000041
 2.578000 0.000047
 2.580000 0.000055
 2.582000 0.000062
 2.584000 0.000071
 2.586000 0.000081
 2.588000 0.000092
 2.590000 0.000106
 2.592000 0.000121
 2.594000 0.000138
 2.596000 0.000157
 2.598000 0.000177
 2.600000 0.000199
 2.602000 0.000220
 2.604000 0.000240
 2.606000 0.000256
 2.608000 0.000268
 2.610000 0.000276
 2.612000 0.000280
 2.614000 0.000279
 2.616000 0.000272
 2.618000 0.000261
 2.620000 0.000246
 2.622000 0.000229
 2.624000 0.000209
 2.626000 0.000189
 2.628000 0.000169
 2.630000 0.000149
 2.632000 0.000130
 2.634000 0.000111
 2.636000 0.000094
 2.638000 0.000079
 2.640000 0.000065
 2.642000 0.000053
 2.644000 0.000044
 2.646000 0.000038
 2.648000 0.000033
 2.650000 0.000031
 2.652000 0.000031
 2.654000 0.000031
 2.656000 0.000033
 2.658000 0.000036
 2.660000 0.000039
 2.662000 0.000043
 2.664000 0.000047
 2.666000 0.000051
 2.668000 0.000055
 2.670000 0.000058
 2.672000 0.000061
 2.674000 0.000064
 2.676000 0.000066
 2.678000 0.000067
 2.680000 0.000068
 2.682000 0.000068
 2.684000 0.000069
 2.686000 0.000069
 2.688000 0.000069
 2.690000 0.000069
 2.692000 0.000070
 2.694000 0.000070
 2.696000 0.000071
 2.698000 0.000071
 2.700000 0.000071
 2.702000 0.000070
 2.704000 0.000069
 2.706000 0.000067
 2.708000 0.000064
 2.710000 0.000061
 2.712000 0.000057
 2.714000 0.000054
 2.716000 0.000052
 2.718000 0.000050
 2.720000 0.000048
 2.722000 0.000047
 2.724000 0.000046
 2.726000 0.000044
 2.728000 0.000042
 2.730000 0.000039
 2.732000 0.000035
 2.734000 0.000031
 2.736000 0.000027
 2.738000 0.000024
 2.740000 0.000021
 2.742000 0.000020
 2.744000 0.000020
 2.746000 0.000021
 2.748000 0.000024
 2.750000 0.000027
 2.752000 0.000032
 2.754000 0.000037
 2.756000 0.000042
 2.758000 0.000047
 2.760000 0.000051
 2.762000 0.000054
 2.764000 0.000057
 2.766000 0.000060
 2.768000 0.000062
 2.770000 0.000065
 2.772000 0.000067
 2.774000 0.000069
 2.776000 0.000071
 2.778000 0.000072
 2.780000 0.000072
 2.782000 0.000073
 2.784000 0.000073
 2.786000 0.000073
 2.788000 0.000072
 2.790000 0.000071
 2.792000 0.000069
 2.794000 0.000067
 2.796000 0.000065
 2.798000 0.000063
 2.800000 0.000060
 2.802000 0.000058
 2.804000 0.000056
 2.806000 0.000055
 2.808000 0.000055
 2.810000 0.000055
 2.812000 0.000055
 2.814000 0.000055
 2.816000 0.000055
 2.818000 0.000055
 2.820000 0.000055
 2.822000 0.000055
 2.824000 0.000055
 2.826000 0.000054
 2.828000 0.000055
 2.830000 0.000055
 2.832000 0.000057
 2.834000 0.000059
 2.836000 0.000061
 2.838000 0.000063
 2.840000 0.000065
 2.842000 0.000065
 2.844000 0.000065
 2.846000 0.000063
 2.848000 0.000060
 2.850000 0.000056
 2.852000 0.000051
 2.854000 0.000047
 2.856000 0.000042
 2.858000 0.000039
 2.860000 0.000036
 2.862000 0.000033
 2.864000 0.000031
 2.866000 0.000031
 2.868000 0.000030
 2.870000 0.000031
 2.872000 0.000032
 2.874000 0.000033
 2.876000 0.000033
 2.878000 0.000034
 2.880000 0.000035
 2.882000 0.000034
 2.884000 0.000034
 2.886000 0.000033
 2.888000 0.000033
 2.890000 0.000033
 2.892000 0.000033
 2.894000 0.000035
 2.896000 0.000038
 2.898000 0.000041
 2.900000 0.000045
 2.902000 0.000050
 2.904000 0.000056
 2.906000 0.000062
 2.908000 0.000067
 2.910000 0.000071
 2.912000 0.000073
 2.914000 0.000075
 2.916000 0.000076
 2.918000 0.000077
 2.920000 0.000077
 2.922000 0.000076
 2.924000 0.000075
 2.926000 0.000074
 2.928000 0.000074
 2.930000 0.000073
 2.932000 0.000072
 2.934000 0.000071
 2.936000 0.000069
 2.938000 0.000066
 2.940000 0.000063
 2.942000 0.000060
 2.944000 0.000056
 2.946000 0.000052
 2.948000 0.000049
 2.950000 0.000045
 2.952000 0.000042
 2.954000 0.000040
 2.956000 0.000037
 2.958000 0.000034
 2.960000 0.000032
 2.962000 0.000029
 2.964000 0.000027
 2.966000 0.000026
 2.968000 0.000024
 2.970000 0.000024
 2.972000 0.000023
 2.974000 0.000024
 2.976000 0.000024
 2.978000 0.000025
 2.980000 0.000026
 2.982000 0.000026
 2.984000 0.000027
 2.986000 0.000028
 2.988000 0.000029
 2.990000 0.000030
 2.992000 0.000031
 2.994000 0.000034
 2.996000 0.000037
 2.998000 0.000041
 3.000000 0.000044
 3.002000 0.000048
 3.004000 0.000051
 3.006000 0.000053
 3.008000 0.000055
 3.010000 0.000056
 3.012000 0.000058
 3.014000 0.000060
 3.016000 0.000061
 3.018000 0.000062
 3.020000 0.000063
 3.022000 0.000064
 3.024000 0.000064
 3.026000 0.000064
 3.028000 0.000063
 3.030000 0.000062
 3.032000 0.000060
 3.034000 0.000059
 3.036000 0.000057
 3.038000 0.000054
 3.040000 0.000051
 3.042000 0.000048
 3.044000 0.000044
 3.046000 0.000041
 3.048000 0.000038
 3.050000 0.000036
 3.052000 0.000035
 3.054000 0.000035
 3.056000 0.000037
 3.058000 0.000040
 3.060000 0.000045
 3.062000 0.000051
 3.064000 0.000058
 3.066000 0.000064
 3.068000 0.000067
 3.070000 0.000066
 3.072000 0.000063
 3.074000 0.000058
 3.076000 0.000053
 3.078000 0.000047
 3.080000 0.000041
 3.082000 0.000034
 3.084000 0.000029
 3.086000 0.000025
 3.088000 0.000023
 3.090000 0.000022
 3.092000 0.000023
 3.094000 0.000024
 3.096000 0.000025
 3.098000 0.000026
 3.100000 0.000026
 3.102000 0.000026
 3.104000 0.000025
 3.106000 0.000025
 3.108000 0.000025
 3.110000 0.000027
 3.112000 0.000029
 3.114000 0.000033
 3.116000 0.000037
 3.118000 0.000041
 3.120000 0.000043
 3.122000 0.000043
 3.124000 0.000042
 3.126000 0.000040
 3.128000 0.000038
 3.130000 0.000036
 3.132000 0.000034
 3.134000 0.000033
 3.136000 0.000032
 3.138000 0.000030
 3.140000 0.000029
 3.142000 0.000028
 3.144000 0.000027
 3.146000 0.000028
 3.148000 0.000031
 3.150000 0.000034
 3.152000 0.000036
 3.154000 0.000039
 3.156000 0.000041
 3.158000 0.000042
 3.160000 0.000044
 3.162000 0.000046
 3.164000 0.000050
 3.166000 0.000055
 3.168000 0.000062
 3.170000 0.000068
 3.172000 0.000073
 3.174000 0.000076
 3.176000 0.000076
 3.178000 0.000074
 3.180000 0.000070
 3.182000 0.000064
 3.184000 0.000058
 3.186000 0.000053
 3.188000 0.000048
 3.190000 0.000044
 3.192000 0.000040
 3.194000 0.000038
 3.196000 0.000037
 3.198000 0.000038
 3.200000 0.000039
 3.202000 0.000041
 3.204000 0.000043
 3.206000 0.000044
 3.208000 0.000045
 3.210000 0.000045
 3.212000 0.000045
 3.214000 0.000045
 3.216000 0.000044
 3.218000 0.000043
 3.220000 0.000041
 3.222000 0.000038
 3.224000 0.000035
 3.226000 0.000032
 3.228000 0.000030
 3.230000 0.000028
 3.232000 0.000027
 3.234000 0.000029
 3.236000 0.000031
 3.238000 0.000036
 3.240000 0.000041
 3.242000 0.000046
 3.244000 0.000050
 3.246000 0.000052
 3.248000 0.000052
 3.250000 0.000051
 3.252000 0.000048
 3.254000 0.000044
 3.256000 0.000040
 3.258000 0.000036
 3.260000 0.000033
 3.262000 0.000031
 3.264000 0.000030
 3.266000 0.000031
 3.268000 0.000031
 3.270000 0.000031
 3.272000 0.000031
 3.274000 0.000032
 3.276000 0.000033
 3.278000 0.000035
 3.280000 0.000038
 3.282000 0.000041
 3.284000 0.000044
 3.286000 0.000047
 3.288000 0.000050
 3.290000 0.000051
 3.292000 0.000052
 3.294000 0.000052
 3.296000 0.000053
 3.298000 0.000055
 3.300000 0.000057
 3.302000 0.000060
 3.304000 0.000063
 3.306000 0.000065
 3.308000 0.000068
 3.310000 0.000070
 3.312000 0.000071
 3.314000 0.000072
 3.316000 0.000073
 3.318000 0.000074
 3.320000 0.000075
 3.322000 0.000076
 3.324000 0.000077
 3.326000 0.000077
 3.328000 0.000076
 3.330000 0.000075
 3.332000 0.000073
 3.334000 0.000071
 3.336000 0.000070
 3.338000 0.000068
 3.340000 0.000066
 3.342000 0.000064
 3.344000 0.000063
 3.346000 0.000062
 3.348000 0.000061
 3.350000 0.000062
 3.352000 0.000063
 3.354000 0.000065
 3.356000 0.000067
 3.358000 0.000067
 3.360000 0.000065
 3.362000 0.000062
 3.364000 0.000058
 3.366000 0.000051
 3.368000 0.000045
 3.370000 0.000040
 3.372000 0.000036
 3.374000 0.000033
 3.376000 0.000030
 3.378000 0.000027
 3.380000 0.000025
 3.382000 0.000022
 3.384000 0.000020
 3.386000 0.000017
 3.388000 0.000016
 3.390000 0.000015
 3.392000 0.000015
 3.394000 0.000016
 3.396000 0.000018
 3.398000 0.000020
 3.400000 0.000023
 3.402000 0.000025
 3.404000 0.000027
 3.406000 0.000029
 3.408000 0.000031
 3.410000 0.000032
 3.412000 0.000034
 3.414000 0.000036
 3.416000 0.000037
 3.418000 0.000038
 3.420000 0.000040
 3.422000 0.000042
 3.424000 0.000044
 3.426000 0.000045
 3.428000 0.000046
 3.430000 0.000047
 3.432000 0.000047
 3.434000 0.000047
 3.436000 0.000046
 3.438000 0.000046
 3.440000 0.000047
 3.442000 0.000048
 3.444000 0.000049
 3.446000 0.000051
 3.448000 0.000053
 3.450000 0.000057
 3.452000 0.000062
 3.454000 0.000068
 3.456000 0.000075
 3.458000 0.000082
 3.460000 0.000088
 3.462000 0.000093
 3.464000 0.000098
 3.466000 0.000102
 3.468000 0.000106
 3.470000 0.000109
 3.472000 0.000113
 3.474000 0.000118
 3.476000 0.000124
 3.478000 0.000130
 3.480000 0.000138
 3.482000 0.000145
 3.484000 0.000152
 3.486000 0.000157
 3.488000 0.000160
 3.490000 0.000159
 3.492000 0.000156
 3.494000 0.000152
 3.496000 0.000147
 3.498000 0.000142
 3.500000 0.000136
 3.502000 0.000131
 3.504000 0.000124
 3.506000 0.000117
 3.508000 0.000110
 3.510000 0.000104
 3.512000 0.000098
 3.514000 0.000093
 3.516000 0.000089
 3.518000 0.000086
 3.520000 0.000083
 3.522000 0.000079
 3.524000 0.000074
 3.526000 0.000069
 3.528000 0.000062
 3.530000 0.000055
 3.532000 0.000047
 3.534000 0.000040
 3.536000 0.000034
 3.538000 0.000031
 3.540000 0.000030
 3.542000 0.000031
 3.544000 0.000032
 3.546000 0.000031
 3.548000 0.000031
 3.550000 0.000030
 3.552000 0.000029
 3.554000 0.000028
 3.556000 0.000026
 3.558000 0.000025
 3.560000 0.000024
 3.562000 0.000023
 3.564000 0.000023
 3.566000 0.000023
 3.568000 0.000022
 3.570000 0.000022
 3.572000 0.000022
 3.574000 0.000022
 3.576000 0.000022
 3.578000 0.000022
 3.580000 0.000023
 3.582000 0.000024
 3.584000 0.000025
 3.586000 0.000026
 3.588000 0.000027
 3.590000 0.000028
 3.592000 0.000029
 3.594000 0.000030
 3.596000 0.000030
 3.598000 0.000030
 3.600000 0.000030
 3.602000 0.000029
 3.604000 0.000028
 3.606000 0.000029
 3.608000 0.000030
 3.610000 0.000032
 3.612000 0.000035
 3.614000 0.000037
 3.616000 0.000040
 3.618000 0.000043
 3.620000 0.000045
 3.622000 0.000046
 3.624000 0.000046
 3.626000 0.000047
 3.628000 0.000047
 3.630000 0.000048
 3.632000 0.000048
 3.634000 0.000049
 3.636000 0.000049
 3.638000 0.000048
 3.640000 0.000048
 3.642000 0.000046
 3.644000 0.000044
 3.646000 0.000042
 3.648000 0.000039
 3.650000 0.000036
 3.652000 0.000033
 3.654000 0.000032
 3.656000 0.000033
 3.658000 0.000034
 3.660000 0.000036
 3.662000 0.000038
 3.664000 0.000039
 3.666000 0.000040
 3.668000 0.000041
 3.670000 0.000041
 3.672000 0.000041
 3.674000 0.000042
 3.676000 0.000042
 3.678000 0.000043
 3.680000 0.000045
 3.682000 0.000046
 3.684000 0.000046
 3.686000 0.000046
 3.688000 0.000045
 3.690000 0.000043
 3.692000 0.000042
 3.694000 0.000040
 3.696000 0.000038
 3.698000 0.000035
 3.700000 0.000032
 3.702000 0.000029
 3.704000 0.000026
 3.706000 0.000024
 3.708000 0.000022
 3.710000 0.000021
 3.712000 0.000021
 3.714000 0.000020
 3.716000 0.000020
 3.718000 0.000019
 3.720000 0.000019
 3.722000 0.000019
 3.724000 0.000019
 3.726000 0.000019
 3.728000 0.000019
 3.730000 0.000019
 3.732000 0.000020
 3.734000 0.000021
 3.736000 0.000023
 3.738000 0.000024
 3.740000 0.000025
 3.742000 0.000026
 3.744000 0.000026
 3.746000 0.000026
 3.748000 0.000026
 3.750000 0.000028
 3.752000 0.000030
 3.754000 0.000033
 3.756000 0.000036
 3.758000 0.000039
 3.760000 0.000041
 3.762000 0.000042
 3.764000 0.000043
 3.766000 0.000043
 3.768000 0.000043
 3.770000 0.000043
 3.772000 0.000042
 3.774000 0.000040
 3.776000 0.000037
 3.778000 0.000035
 3.780000 0.000033
 3.782000 0.000032
 3.784000 0.000033
 3.786000 0.000035
 3.788000 0.000037
 3.790000 0.000038
 3.792000 0.000039
 3.794000 0.000039
 3.796000 0.000037
 3.798000 0.000035
 3.800000 0.000031
 3.802000 0.000028
 3.804000 0.000024
 3.806000 0.000021
 3.808000 0.000019
 3.810000 0.000018
 3.812000 0.000018
 3.814000 0.000017
 3.816000 0.000017
 3.818000 0.000017
 3.820000 0.000016
 3.822000 0.000015
 3.824000 0.000014
 3.826000 0.000013
 3.828000 0.000013
 3.830000 0.000013
 3.832000 0.000013
 3.834000 0.000013
 3.836000 0.000013
 3.838000 0.000014
 3.840000 0.000015
 3.842000 0.000016
 3.844000 0.000018
 3.846000 0.000019
 3.848000 0.000021
 3.850000 0.000023
 3.852000 0.000025
 3.854000 0.000026
 3.856000 0.000028
 3.858000 0.000030
 3.860000 0.000032
 3.862000 0.000035
 3.864000 0.000036
 3.866000 0.000036
 3.868000 0.000037
 3.870000 0.000039
 3.872000 0.000039
 3.874000 0.000039
 3.876000 0.000039
 3.878000 0.000039
 3.880000 0.000039
 3.882000 0.000041
 3.884000 0.000041
 3.886000 0.000041
 3.888000 0.000042
 3.890000 0.000044
 3.892000 0.000046
 3.894000 0.000046
 3.896000 0.000047
 3.898000 0.000048
 3.900000 0.000051
 3.902000 0.000054
 3.904000 0.000055
 3.906000 0.000054
 3.908000 0.000053
 3.910000 0.000052
 3.912000 0.000050
 3.914000 0.000046
 3.916000 0.000043
 3.918000 0.000041
 3.920000 0.000040
 3.922000 0.000040
 3.924000 0.000040
 3.926000 0.000041
 3.928000 0.000044
 3.930000 0.000047
 3.932000 0.000050
 3.934000 0.000052
 3.936000 0.000053
 3.938000 0.000053
 3.940000 0.000052
 3.942000 0.000050
 3.944000 0.000048
 3.946000 0.000045
 3.948000 0.000043
 3.950000 0.000041
 3.952000 0.000039
 3.954000 0.000037
 3.956000 0.000035
 3.958000 0.000033
 3.960000 0.000031
 3.962000 0.000029
 3.964000 0.000027
 3.966000 0.000025
 3.968000 0.000023
 3.970000 0.000022
 3.972000 0.000021
 3.974000 0.000020
 3.976000 0.000020
 3.978000 0.000020
 3.980000 0.000020
 3.982000 0.000020
 3.984000 0.000020
 3.986000 0.000020
 3.988000 0.000021
 3.990000 0.000023
 3.992000 0.000025
 3.994000 0.000028
 3.996000 0.000033
 3.998000 0.000038
 4.000000 0.000043
 4.002000 0.000047
 4.004000 0.000049
 4.006000 0.000050
 4.008000 0.000050
 4.010000 0.000048
 4.012000 0.000046
 4.014000 0.000043
 4.016000 0.000039
 4.018000 0.000035
 4.020000 0.000031
 4.022000 0.000029
 4.024000 0.000028
 4.026000 0.000027
 4.028000 0.000026
 4.030000 0.000025
 4.032000 0.000024
 4.034000 0.000024
 4.036000 0.000024
 4.038000 0.000024
 4.040000 0.000026
 4.042000 0.000029
 4.044000 0.000032
 4.046000 0.000034
 4.048000 0.000035
 4.050000 0.000036
 4.052000 0.000038
 4.054000 0.000039
 4.056000 0.000040
 4.058000 0.000039
 4.060000 0.000038
 4.062000 0.000037
 4.064000 0.000037
 4.066000 0.000037
 4.068000 0.000036
 4.070000 0.000037
 4.072000 0.000038
 4.074000 0.000039
 4.076000 0.000040
 4.078000 0.000042
 4.080000 0.000043
 4.082000 0.000046
 4.084000 0.000048
 4.086000 0.000050
 4.088000 0.000050
 4.090000 0.000050
 4.092000 0.000049
 4.094000 0.000045
 4.096000 0.000041
 4.098000 0.000036
 4.100000 0.000032
 4.102000 0.000031
 4.104000 0.000031
 4.106000 0.000032
 4.108000 0.000033
 4.110000 0.000033
 4.112000 0.000034
 4.114000 0.000035
 4.116000 0.000034
 4.118000 0.000034
 4.120000 0.000035
 4.122000 0.000037
 4.124000 0.000041
 4.126000 0.000044
 4.128000 0.000044
 4.130000 0.000042
 4.132000 0.000039
 4.134000 0.000034
 4.136000 0.000029
 4.138000 0.000024
 4.140000 0.000020
 4.142000 0.000018
 4.144000 0.000017
 4.146000 0.000017
 4.148000 0.000017
 4.150000 0.000017
 4.152000 0.000018
 4.154000 0.000019
 4.156000 0.000022
 4.158000 0.000025
 4.160000 0.000029
 4.162000 0.000033
 4.164000 0.000037
 4.166000 0.000039
 4.168000 0.000041
 4.170000 0.000041
 4.172000 0.000042
 4.174000 0.000042
 4.176000 0.000042
 4.178000 0.000042
 4.180000 0.000042
 4.182000 0.000043
 4.184000 0.000044
 4.186000 0.000045
 4.188000 0.000046
 4.190000 0.000046
 4.192000 0.000047
 4.194000 0.000047
 4.196000 0.000046
 4.198000 0.000044
 4.200000 0.000042
 4.202000 0.000040
 4.204000 0.000039
 4.206000 0.000037
 4.208000 0.000036
 4.210000 0.000035
 4.212000 0.000034
 4.214000 0.000032
 4.216000 0.000030
 4.218000 0.000027
 4.220000 0.000025
 4.222000 0.000023
 4.224000 0.000023
 4.226000 0.000023
 4.228000 0.000023
 4.230000 0.000023
 4.232000 0.000024
 4.234000 0.000024
 4.236000 0.000025
 4.238000 0.000026
 4.240000 0.000025
 4.242000 0.000025
 4.244000 0.000024
 4.246000 0.000025
 4.248000 0.000025
 4.250000 0.000025
 4.252000 0.000026
 4.254000 0.000027
 4.256000 0.000028
 4.258000 0.000029
 4.260000 0.000031
 4.262000 0.000033
 4.264000 0.000035
 4.266000 0.000037
 4.268000 0.000037
 4.270000 0.000035
 4.272000 0.000034
 4.274000 0.000033
 4.276000 0.000032
 4.278000 0.000032
 4.280000 0.000031
 4.282000 0.000031
 4.284000 0.000030
 4.286000 0.000029
 4.288000 0.000028
 4.290000 0.000028
 4.292000 0.000028
 4.294000 0.000029
 4.296000 0.000031
 4.298000 0.000033
 4.300000 0.000036
 4.302000 0.000040
 4.304000 0.000043
 4.306000 0.000047
 4.308000 0.000051
 4.310000 0.000055
 4.312000 0.000060
 4.314000 0.000066
 4.316000 0.000073
 4.318000 0.000080
 4.320000 0.000087
 4.322000 0.000093
 4.324000 0.000099
 4.326000 0.000104
 4.328000 0.000108
 4.330000 0.000110
 4.332000 0.000111
 4.334000 0.000108
 4.336000 0.000103
 4.338000 0.000095
 4.340000 0.000088
 4.342000 0.000080
 4.344000 0.000073
 4.346000 0.000067
 4.348000 0.000062
 4.350000 0.000057
 4.352000 0.000054
 4.354000 0.000052
 4.356000 0.000051
 4.358000 0.000052
 4.360000 0.000055
 4.362000 0.000058
 4.364000 0.000061
 4.366000 0.000064
 4.368000 0.000068
 4.370000 0.000070
 4.372000 0.000071
 4.374000 0.000069
 4.376000 0.000065
 4.378000 0.000057
 4.380000 0.000047
 4.382000 0.000038
 4.384000 0.000031
 4.386000 0.000027
 4.388000 0.000026
 4.390000 0.000028
 4.392000 0.000031
 4.394000 0.000035
 4.396000 0.000037
 4.398000 0.000038
 4.400000 0.000040
 4.402000 0.000042
 4.404000 0.000045
 4.406000 0.000048
 4.408000 0.000051
 4.410000 0.000054
 4.412000 0.000059
 4.414000 0.000065
 4.416000 0.000073
 4.418000 0.000081
 4.420000 0.000091
 4.422000 0.000104
 4.424000 0.000119
 4.426000 0.000138
 4.428000 0.000157
 4.430000 0.000179
 4.432000 0.000203
 4.434000 0.000230
 4.436000 0.000257
 4.438000 0.000282
 4.440000 0.000301
 4.442000 0.000316
 4.444000 0.000328
 4.446000 0.000335
 4.448000 0.000336
 4.450000 0.000328
 4.452000 0.000315
 4.454000 0.000298
 4.456000 0.000279
 4.458000 0.000257
 4.460000 0.000233
 4.462000 0.000208
 4.464000 0.000185
 4.466000 0.000164
 4.468000 0.000145
 4.470000 0.000128
 4.472000 0.000114
 4.474000 0.000103
 4.476000 0.000095
 4.478000 0.000088
 4.480000 0.000081
 4.482000 0.000073
 4.484000 0.000067
 4.486000 0.000060
 4.488000 0.000053
 4.490000 0.000046
 4.492000 0.000040
 4.494000 0.000034
 4.496000 0.000030
 4.498000 0.000027
 4.500000 0.000025
 4.502000 0.000023
 4.504000 0.000023
 4.506000 0.000024
 4.508000 0.000027
 4.510000 0.000030
 4.512000 0.000034
 4.514000 0.000039
 4.516000 0.000043
 4.518000 0.000046
 4.520000 0.000049
 4.522000 0.000050
 4.524000 0.000050
 4.526000 0.000047
 4.528000 0.000045
 4.530000 0.000043
 4.532000 0.000041
 4.534000 0.000039
 4.536000 0.000037
 4.538000 0.000036
 4.540000 0.000035
 4.542000 0.000034
 4.544000 0.000033
 4.546000 0.000032
 4.548000 0.000031
 4.550000 0.000031
 4.552000 0.000030
 4.554000 0.000029
 4.556000 0.000028
 4.558000 0.000027
 4.560000 0.000025
 4.562000 0.000023
 4.564000 0.000021
 4.566000 0.000018
 4.568000 0.000016
 4.570000 0.000015
 4.572000 0.000015
 4.574000 0.000014
 4.576000 0.000013
 4.578000 0.000013
 4.580000 0.000012
 4.582000 0.000011
 4.584000 0.000009
 4.586000 0.000009
 4.588000 0.000008
 4.590000 0.000009
 4.592000 0.000010
 4.594000 0.000011
 4.596000 0.000012
 4.598000 0.000013
 4.600000 0.000013
 4.602000 0.000013
 4.604000 0.000014
 4.606000 0.000014
 4.608000 0.000015
 4.610000 0.000017
 4.612000 0.000018
 4.614000 0.000019
 4.616000 0.000019
 4.618000 0.000020
 4.620000 0.000020
 4.622000 0.000021
 4.624000 0.000021
 4.626000 0.000021
 4.628000 0.000020
 4.630000 0.000018
 4.632000 0.000017
 4.634000 0.000016
 4.636000 0.000015
 4.638000 0.000014
 4.640000 0.000015
 4.642000 0.000017
 4.644000 0.000020
 4.646000 0.000023
 4.648000 0.000028
 4.650000 0.000033
 4.652000 0.000039
 4.654000 0.000045
 4.656000 0.000049
 4.658000 0.000051
 4.660000 0.000054
 4.662000 0.000055
 4.664000 0.000056
 4.666000 0.000055
 4.668000 0.000054
 4.670000 0.000054
 4.672000 0.000054
 4.674000 0.000055
 4.676000 0.000056
 4.678000 0.000057
 4.680000 0.000057
 4.682000 0.000057
 4.684000 0.000055
 4.686000 0.000052
 4.688000 0.000050
 4.690000 0.000046
 4.692000 0.000043
 4.694000 0.000040
 4.696000 0.000038
 4.698000 0.000036
 4.700000 0.000035
 4.702000 0.000033
 4.704000 0.000032
 4.706000 0.000032
 4.708000 0.000032
 4.710000 0.000033
 4.712000 0.000034
 4.714000 0.000035
 4.716000 0.000036
 4.718000 0.000036
 4.720000 0.000036
 4.722000 0.000035
 4.724000 0.000034
 4.726000 0.000033
 4.728000 0.000032
 4.730000 0.000032
 4.732000 0.000034
 4.734000 0.000038
 4.736000 0.000042
 4.738000 0.000045
 4.740000 0.000046
 4.742000 0.000047
 4.744000 0.000049
 4.746000 0.000051
 4.748000 0.000053
 4.750000 0.000055
 4.752000 0.000058
 4.754000 0.000062
 4.756000 0.000065
 4.758000 0.000067
 4.760000 0.000068
 4.762000 0.000069
 4.764000 0.000069
 4.766000 0.000069
 4.768000 0.000067
 4.770000 0.000064
 4.772000 0.000059
 4.774000 0.000054
 4.776000 0.000049
 4.778000 0.000044
 4.780000 0.000038
 4.782000 0.000034
 4.784000 0.000030
 4.786000 0.000028
 4.788000 0.000028
 4.790000 0.000028
 4.792000 0.000030
 4.794000 0.000032
 4.796000 0.000033
 4.798000 0.000033
 4.800000 0.000032
 4.802000 0.000031
 4.804000 0.000031
 4.806000 0.000031
 4.808000 0.000031
 4.810000 0.000031
 4.812000 0.000031
 4.814000 0.000030
 4.816000 0.000028
 4.818000 0.000026
 4.820000 0.000026
 4.822000 0.000026
 4.824000 0.000028
 4.826000 0.000030
 4.828000 0.000031
 4.830000 0.000032
 4.832000 0.000033
 4.834000 0.000032
 4.836000 0.000031
 4.838000 0.000029
 4.840000 0.000027
 4.842000 0.000025
 4.844000 0.000025
 4.846000 0.000026
 4.848000 0.000029
 4.850000 0.000032
 4.852000 0.000036
 4.854000 0.000042
 4.856000 0.000047
 4.858000 0.000051
 4.860000 0.000054
 4.862000 0.000056
 4.864000 0.000058
 4.866000 0.000059
 4.868000 0.000060
 4.870000 0.000059
 4.872000 0.000059
 4.874000 0.000058
 4.876000 0.000056
 4.878000 0.000053
 4.880000 0.000049
 4.882000 0.000046
 4.884000 0.000043
 4.886000 0.000041
 4.888000 0.000039
 4.890000 0.000039
 4.892000 0.000039
 4.894000 0.000039
 4.896000 0.000037
 4.898000 0.000035
 4.900000 0.000033
 4.902000 0.000031
 4.904000 0.000030
 4.906000 0.000028
 4.908000 0.000027
 4.910000 0.000026
 4.912000 0.000026
 4.914000 0.000026
 4.916000 0.000027
 4.918000 0.000028
 4.920000 0.000029
 4.922000 0.000030
 4.924000 0.000031
 4.926000 0.000030
 4.928000 0.000029
 4.930000 0.000027
 4.932000 0.000026
 4.934000 0.000026
 4.936000 0.000025
 4.938000 0.000024
 4.940000 0.000022
 4.942000 0.000021
 4.944000 0.000020
 4.946000 0.000020
 4.948000 0.000021
 4.950000 0.000024
 4.952000 0.000029
 4.954000 0.000036
 4.956000 0.000043
 4.958000 0.000053
 4.960000 0.000063
 4.962000 0.000075
 4.964000 0.000087
 4.966000 0.000100
 4.968000 0.000112
 4.970000 0.000123
 4.972000 0.000134
 4.974000 0.000142
 4.976000 0.000147
 4.978000 0.000150
 4.980000 0.000151
 4.982000 0.000149
 4.984000 0.000147
 4.986000 0.000144
 4.988000 0.000142
 4.990000 0.000139
 4.992000 0.000135
 4.994000 0.000129
 4.996000 0.000121
 4.998000 0.000112
 5.000000 0.000102
 5.002000 0.000091
 5.004000 0.000081
 5.006000 0.000071
 5.008000 0.000062
 5.010000 0.000055
 5.012000 0.000049
 5.014000 0.000045
 5.016000 0.000041
 5.018000 0.000038
 5.020000 0.000036
 5.022000 0.000035
 5.024000 0.000034
 5.026000 0.000033
 5.028000 0.000033
 5.030000 0.000034
 5.032000 0.000035
 5.034000 0.000038
 5.036000 0.000040
 5.038000 0.000042
 5.040000 0.000045
 5.042000 0.000048
 5.044000 0.000052
 5.046000 0.000054
 5.048000 0.000053
 5.050000 0.000050
 5.052000 0.000047
 5.054000 0.000044
 5.056000 0.000041
 5.058000 0.000038
 5.060000 0.000035
 5.062000 0.000034
 5.064000 0.000033
 5.066000 0.000034
 5.068000 0.000034
 5.070000 0.000034
 5.072000 0.000034
 5.074000 0.000035
 5.076000 0.000035
 5.078000 0.000035
 5.080000 0.000034
 5.082000 0.000034
 5.084000 0.000035
 5.086000 0.000038
 5.088000 0.000042
 5.090000 0.000045
 5.092000 0.000048
 5.094000 0.000052
 5.096000 0.000054
 5.098000 0.000055
 5.100000 0.000053
 5.102000 0.000051
 5.104000 0.000048
 5.106000 0.000046
 5.108000 0.000045
 5.110000 0.000044
 5.112000 0.000043
 5.114000 0.000041
 5.116000 0.000040
 5.118000 0.000040
 5.120000 0.000039
 5.122000 0.000039
 5.124000 0.000040
 5.126000 0.000041
 5.128000 0.000042
 5.130000 0.000044
 5.132000 0.000046
 5.134000 0.000046
 5.136000 0.000045
 5.138000 0.000043
 5.140000 0.000041
 5.142000 0.000039
 5.144000 0.000039
 5.146000 0.000039
 5.148000 0.000041
 5.150000 0.000043
 5.152000 0.000046
 5.154000 0.000050
 5.156000 0.000053
 5.158000 0.000056
 5.160000 0.000058
 5.162000 0.000059
 5.164000 0.000059
 5.166000 0.000059
 5.168000 0.000059
 5.170000 0.000058
 5.172000 0.000058
 5.174000 0.000058
 5.176000 0.000057
 5.178000 0.000055
 5.180000 0.000053
 5.182000 0.000049
 5.184000 0.000045
 5.186000 0.000041
 5.188000 0.000038
 5.190000 0.000035
 5.192000 0.000034
 5.194000 0.000035
 5.196000 0.000039
 5.198000 0.000044
 5.200000 0.000048
 5.202000 0.000051
 5.204000 0.000053
 5.206000 0.000053
 5.208000 0.000054
 5.210000 0.000054
 5.212000 0.000053
 5.214000 0.000053
 5.216000 0.000055
 5.218000 0.000058
 5.220000 0.000060
 5.222000 0.000062
 5.224000 0.000062
 5.226000 0.000063
 5.228000 0.000064
 5.230000 0.000064
 5.232000 0.000063
 5.234000 0.000062
 5.236000 0.000061
 5.238000 0.000061
 5.240000 0.000061
 5.242000 0.000061
 5.244000 0.000060
 5.246000 0.000060
 5.248000 0.000060
 5.250000 0.000060
 5.252000 0.000062
 5.254000 0.000064
 5.256000 0.000068
 5.258000 0.000074
 5.260000 0.000080
 5.262000 0.000085
 5.264000 0.000089
 5.266000 0.000091
 5.268000 0.000091
 5.270000 0.000089
 5.272000 0.000085
 5.274000 0.000080
 5.276000 0.000074
 5.278000 0.000068
 5.280000 0.000062
 5.282000 0.000057
 5.284000 0.000051
 5.286000 0.000047
 5.288000 0.000043
 5.290000 0.000040
 5.292000 0.000039
 5.294000 0.000039
 5.296000 0.000039
 5.298000 0.000040
 5.300000 0.000039
 5.302000 0.000038
 5.304000 0.000036
 5.306000 0.000033
 5.308000 0.000029
 5.310000 0.000025
 5.312000 0.000022
 5.314000 0.000019
 5.316000 0.000017
 5.318000 0.000016
 5.320000 0.000016
 5.322000 0.000016
 5.324000 0.000017
 5.326000 0.000019
 5.328000 0.000024
 5.330000 0.000030
 5.332000 0.000037
 5.334000 0.000044
 5.336000 0.000053
 5.338000 0.000060
 5.340000 0.000067
 5.342000 0.000073
 5.344000 0.000082
 5.346000 0.000093
 5.348000 0.000106
 5.350000 0.000117
 5.352000 0.000128
 5.354000 0.000143
 5.356000 0.000162
 5.358000 0.000183
 5.360000 0.000202
 5.362000 0.000219
 5.364000 0.000234
 5.366000 0.000248
 5.368000 0.000258
 5.370000 0.000260
 5.372000 0.000258
 5.374000 0.000252
 5.376000 0.000245
 5.378000 0.000235
 5.380000 0.000221
 5.382000 0.000205
 5.384000 0.000189
 5.386000 0.000173
 5.388000 0.000158
 5.390000 0.000144
 5.392000 0.000131
 5.394000 0.000121
 5.396000 0.000113
 5.398000 0.000108
 5.400000 0.000104
 5.402000 0.000102
 5.404000 0.000101
 5.406000 0.000102
 5.408000 0.000101
 5.410000 0.000100
 5.412000 0.000098
 5.414000 0.000095
 5.416000 0.000092
 5.418000 0.000090
 5.420000 0.000089
 5.422000 0.000088
 5.424000 0.000087
 5.426000 0.000085
 5.428000 0.000083
 5.430000 0.000078
 5.432000 0.000073
 5.434000 0.000066
 5.436000 0.000060
 5.438000 0.000054
 5.440000 0.000050
 5.442000 0.000045
 5.444000 0.000042
 5.446000 0.000039
 5.448000 0.000037
 5.450000 0.000035
 5.452000 0.000032
 5.454000 0.000030
 5.456000 0.000028
 5.458000 0.000027
 5.460000 0.000027
 5.462000 0.000027
 5.464000 0.000029
 5.466000 0.000031
 5.468000 0.000033
 5.470000 0.000037
 5.472000 0.000042
 5.474000 0.000048
 5.476000 0.000053
 5.478000 0.000057
 5.480000 0.000060
 5.482000 0.000061
 5.484000 0.000060
 5.486000 0.000059
 5.488000 0.000057
 5.490000 0.000055
 5.492000 0.000053
 5.494000 0.000052
 5.496000 0.000050
 5.498000 0.000049
 5.500000 0.000048
 5.502000 0.000048
 5.504000 0.000049
 5.506000 0.000049
 5.508000 0.000048
 5.510000 0.000046
 5.512000 0.000043
 5.514000 0.000040
 5.516000 0.000037
 5.518000 0.000034
 5.520000 0.000033
 5.522000 0.000032
 5.524000 0.000031
 5.526000 0.000030
 5.528000 0.000029
 5.530000 0.000029
 5.532000 0.000028
 5.534000 0.000028
 5.536000 0.000028
 5.538000 0.000028
 5.540000 0.000029
 5.542000 0.000029
 5.544000 0.000029
 5.546000 0.000029
 5.548000 0.000030
 5.550000 0.000032
 5.552000 0.000034
 5.554000 0.000036
 5.556000 0.000038
 5.558000 0.000040
 5.560000 0.000040
 5.562000 0.000040
 5.564000 0.000038
 5.566000 0.000037
 5.568000 0.000035
 5.570000 0.000035
 5.572000 0.000036
 5.574000 0.000039
 5.576000 0.000042
 5.578000 0.000046
 5.580000 0.000048
 5.582000 0.000050
 5.584000 0.000050
 5.586000 0.000049
 5.588000 0.000048
 5.590000 0.000047
 5.592000 0.000048
 5.594000 0.000049
 5.596000 0.000050
 5.598000 0.000052
 5.600000 0.000052
 5.602000 0.000052
 5.604000 0.000052
 5.606000 0.000052
 5.608000 0.000053
 5.610000 0.000055
 5.612000 0.000057
 5.614000 0.000058
 5.616000 0.000059
 5.618000 0.000060
 5.620000 0.000061
 5.622000 0.000061
 5.624000 0.000059
 5.626000 0.000057
 5.628000 0.000056
 5.630000 0.000055
 5.632000 0.000056
 5.634000 0.000059
 5.636000 0.000064
 5.638000 0.000069
 5.640000 0.000074
 5.642000 0.000079
 5.644000 0.000084
 5.646000 0.000089
 5.648000 0.000094
 5.650000 0.000099
 5.652000 0.000104
 5.654000 0.000111
 5.656000 0.000120
 5.658000 0.000131
 5.660000 0.000142
 5.662000 0.000155
 5.664000 0.000168
 5.666000 0.000182
 5.668000 0.000194
 5.670000 0.000203
 5.672000 0.000210
 5.674000 0.000217
 5.676000 0.000224
 5.678000 0.000228
 5.680000 0.000227
 5.682000 0.000223
 5.684000 0.000217
 5.686000 0.000211
 5.688000 0.000205
 5.690000 0.000200
 5.692000 0.000194
 5.694000 0.000190
 5.696000 0.000189
 5.698000 0.000189
 5.700000 0.000187
 5.702000 0.000183
 5.704000 0.000176
 5.706000 0.000168
 5.708000 0.000157
 5.710000 0.000142
 5.712000 0.000125
 5.714000 0.000107
 5.716000 0.000091
 5.718000 0.000077
 5.720000 0.000065
 5.722000 0.000055
 5.724000 0.000046
 5.726000 0.000038
 5.728000 0.000033
 5.730000 0.000029
 5.732000 0.000026
 5.734000 0.000024
 5.736000 0.000022
 5.738000 0.000022
 5.740000 0.000022
 5.742000 0.000023
 5.744000 0.000023
 5.746000 0.000024
 5.748000 0.000025
 5.750000 0.000027
 5.752000 0.000029
 5.754000 0.000032
 5.756000 0.000038
 5.758000 0.000046
 5.760000 0.000056
 5.762000 0.000068
 5.764000 0.000084
 5.766000 0.000104
 5.768000 0.000129
 5.770000 0.000157
 5.772000 0.000192
 5.774000 0.000237
 5.776000 0.000293
 5.778000 0.000357
 5.780000 0.000425
 5.782000 0.000493
 5.784000 0.000562
 5.786000 0.000633
 5.788000 0.000697
 5.790000 0.000752
 5.792000 0.000790
 5.794000 0.000815
 5.796000 0.000830
 5.798000 0.000832
 5.800000 0.000818
 5.802000 0.000783
 5.804000 0.000730
 5.806000 0.000663
 5.808000 0.000586
 5.810000 0.000501
 5.812000 0.000416
 5.814000 0.000336
 5.816000 0.000267
 5.818000 0.000208
 5.820000 0.000159
 5.822000 0.000121
 5.824000 0.000094
 5.826000 0.000077
 5.828000 0.000066
 5.830000 0.000062
 5.832000 0.000061
 5.834000 0.000064
 5.836000 0.000069
 5.838000 0.000075
 5.840000 0.000080
 5.842000 0.000085
 5.844000 0.000090
 5.846000 0.000095
 5.848000 0.000099
 5.850000 0.000103
 5.852000 0.000105
 5.854000 0.000109
 5.856000 0.000113
 5.858000 0.000117
 5.860000 0.000120
 5.862000 0.000123
 5.864000 0.000125
 5.866000 0.000125
 5.868000 0.000124
 5.870000 0.000119
 5.872000 0.000113
 5.874000 0.000106
 5.876000 0.000100
 5.878000 0.000095
 5.880000 0.000090
 5.882000 0.000085
 5.884000 0.000079
 5.886000 0.000075
 5.888000 0.000070
 5.890000 0.000065
 5.892000 0.000060
 5.894000 0.000056
 5.896000 0.000053
 5.898000 0.000051
 5.900000 0.000049
 5.902000 0.000048
 5.904000 0.000046
 5.906000 0.000045
 5.908000 0.000043
 5.910000 0.000041
 5.912000 0.000038
 5.914000 0.000036
 5.916000 0.000034
 5.918000 0.000032
 5.920000 0.000032
 5.922000 0.000032
 5.924000 0.000032
 5.926000 0.000032
 5.928000 0.000032
 5.930000 0.000031
 5.932000 0.000030
 5.934000 0.000028
 5.936000 0.000028
 5.938000 0.000028
 5.940000 0.000029
 5.942000 0.000031
 5.944000 0.000034
 5.946000 0.000038
 5.948000 0.000042
 5.950000 0.000047
 5.952000 0.000051
 5.954000 0.000056
 5.956000 0.000061
 5.958000 0.000067
 5.960000 0.000073
 5.962000 0.000079
 5.964000 0.000086
 5.966000 0.000095
 5.968000 0.000104
 5.970000 0.000114
 5.972000 0.000123
 5.974000 0.000130
 5.976000 0.000137
 5.978000 0.000142
 5.980000 0.000144
 5.982000 0.000143
 5.984000 0.000138
 5.986000 0.000132
 5.988000 0.000124
 5.990000 0.000114
 5.992000 0.000104
 5.994000 0.000094
 5.996000 0.000085
 5.998000 0.000077
 6.000000 0.000070
 6.002000 0.000065
 6.004000 0.000061
 6.006000 0.000058
 6.008000 0.000056
 6.010000 0.000054
 6.012000 0.000052
 6.014000 0.000050
 6.016000 0.000047
 6.018000 0.000043
 6.020000 0.000039
 6.022000 0.000036
 6.024000 0.000034
 6.026000 0.000033
 6.028000 0.000034
 6.030000 0.000035
 6.032000 0.000038
 6.034000 0.000042
 6.036000 0.000046
 6