#! FIELDS time m
 0.000000 0.717464
 0.001500 0.717274
 0.003000 0.717166
 0.004500 0.717547
 0.006000 0.718243
 0.007500 0.719164
 0.009000 0.720162
 0.010500 0.720963
 0.012000 0.721585
 0.013500 0.722355
 0.015000 0.723390
 0.016500 0.724223
 0.018000 0.724453
 0.019500 0.723988
 0.021000 0.722709
 0.022500 0.720838
 0.024000 0.718938
 0.025500 0.717159
 0.027000 0.715038
 0.028500 0.712346
 0.030000 0.709097
 0.031500 0.705587
 0.033000 0.702083
 0.034500 0.698939
 0.036000 0.696176
 0.037500 0.693212
 0.039000 0.689635
 0.040500 0.685303
 0.042000 0.680304
 0.043500 0.674849
 0.045000 0.669248
 0.046500 0.663527
 0.048000 0.658019
 0.049500 0.652846
 0.051000 0.647748
 0.052500 0.642625
 0.054000 0.637447
 0.055500 0.632533
 0.057000 0.628407
 0.058500 0.624864
 0.060000 0.621339
 0.061500 0.617182
 0.063000 0.612446
 0.064500 0.607773
 0.066000 0.603539
 0.067500 0.599700
 0.069000 0.595958
 0.070500 0.591483
 0.072000 0.585825
 0.073500 0.579643
 0.075000 0.573613
 0.076500 0.567943
 0.078000 0.562403
 0.079500 0.556716
 0.081000 0.550849
 0.082500 0.544773
 0.084000 0.538925
 0.085500 0.533851
 0.087000 0.529120
 0.088500 0.524576
 0.090000 0.520202
 0.091500 0.515511
 0.093000 0.510235
 0.094500 0.504695
 0.096000 0.499603
 0.097500 0.495312
 0.099000 0.491639
 0.100500 0.488417
 0.102000 0.485376
 0.103500 0.481951
 0.105000 0.478733
 0.106500 0.476075
 0.108000 0.473799
 0.109500 0.471545
 0.111000 0.468705
 0.112500 0.464686
 0.114000 0.459829
 0.115500 0.454666
 0.117000 0.449731
 0.118500 0.445191
 0.120000 0.440749
 0.121500 0.436124
 0.123000 0.431108
 0.124500 0.425876
 0.126000 0.420862
 0.127500 0.416158
 0.129000 0.411867
 0.130500 0.408076
 0.132000 0.404321
 0.133500 0.400109
 0.135000 0.395619
 0.136500 0.391234
 0.138000 0.387603
 0.139500 0.385131
 0.141000 0.383345
 0.142500 0.381383
 0.144000 0.378524
 0.145500 0.375227
 0.147000 0.372341
 0.148500 0.370004
 0.150000 0.368398
 0.151500 0.367094
 0.153000 0.365347
 0.154500 0.363275
 0.156000 0.361377
 0.157500 0.359874
 0.159000 0.358586
 0.160500 0.357100
 0.162000 0.355236
 0.163500 0.352620
 0.165000 0.349250
 0.166500 0.345872
 0.168000 0.342715
 0.169500 0.339669
 0.171000 0.337022
 0.172500 0.334855
 0.174000 0.332529
 0.175500 0.329949
 0.177000 0.327498
 0.178500 0.325579
 0.180000 0.324139
 0.181500 0.322942
 0.183000 0.321703
 0.184500 0.319781
 0.186000 0.317575
 0.187500 0.316091
 0.189000 0.315487
 0.190500 0.315530
 0.192000 0.315562
 0.193500 0.314998
 0.195000 0.313688
 0.196500 0.312147
 0.198000 0.310958
 0.199500 0.310152
 0.201000 0.309072
 0.202500 0.307564
 0.204000 0.305635
 0.205500 0.303261
 0.207000 0.301103
 0.208500 0.299372
 0.210000 0.297844
 0.211500 0.296521
 0.213000 0.295175
 0.214500 0.293222
 0.216000 0.290428
 0.217500 0.287180
 0.219000 0.284042
 0.220500 0.281254
 0.222000 0.278765
 0.223500 0.276289
 0.225000 0.272918
 0.226500 0.268842
 0.228000 0.265234
 0.229500 0.262435
 0.231000 0.260329
 0.232500 0.258487
 0.234000 0.256255
 0.235500 0.253340
 0.237000 0.250218
 0.238500 0.247582
 0.240000 0.245593
 0.241500 0.243738
 0.243000 0.242042
 0.244500 0.240399
 0.246000 0.238456
 0.247500 0.236414
 0.249000 0.234613
 0.250500 0.233088
 0.252000 0.231922
 0.253500 0.231171
 0.255000 0.230512
 0.256500 0.229356
 0.258000 0.227688
 0.259500 0.226026
 0.261000 0.224732
 0.262500 0.223911
 0.264000 0.223657
 0.265500 0.223332
 0.267000 0.222541
 0.268500 0.221656
 0.270000 0.221186
 0.271500 0.221137
 0.273000 0.221387
 0.274500 0.221675
 0.276000 0.221851
 0.277500 0.221875
 0.279000 0.221747
 0.280500 0.221653
 0.282000 0.221386
 0.283500 0.221069
 0.285000 0.221047
 0.286500 0.221218
 0.288000 0.221311
 0.289500 0.221051
 0.291000 0.220340
 0.292500 0.219687
 0.294000 0.219359
 0.295500 0.219453
 0.297000 0.219673
 0.298500 0.219575
 0.300000 0.219230
 0.301500 0.218838
 0.303000 0.218653
 0.304500 0.218842
 0.306000 0.219050
 0.307500 0.218946
 0.309000 0.218837
 0.310500 0.218674
 0.312000 0.218384
 0.313500 0.218029
 0.315000 0.217511
 0.316500 0.216973
 0.318000 0.216646
 0.319500 0.216514
 0.321000 0.216379
 0.322500 0.215860
 0.324000 0.214943
 0.325500 0.214086
 0.327000 0.213365
 0.328500 0.212820
 0.330000 0.212348
 0.331500 0.211719
 0.333000 0.210967
 0.334500 0.210357
 0.336000 0.210169
 0.337500 0.210327
 0.339000 0.210359
 0.340500 0.210346
 0.342000 0.210391
 0.343500 0.210283
 0.345000 0.210079
 0.346500 0.209617
 0.348000 0.208820
 0.349500 0.208047
 0.351000 0.207520
 0.352500 0.207266
 0.354000 0.206949
 0.355500 0.206226
 0.357000 0.205490
 0.358500 0.204985
 0.360000 0.204825
 0.361500 0.205173
 0.363000 0.205626
 0.364500 0.205795
 0.366000 0.205808
 0.367500 0.205771
 0.369000 0.205846
 0.370500 0.206104
 0.372000 0.206312
 0.373500 0.206586
 0.375000 0.206871
 0.376500 0.207236
 0.378000 0.207586
 0.379500 0.207615
 0.381000 0.207439
 0.382500 0.207303
 0.384000 0.207151
 0.385500 0.207024
 0.387000 0.206665
 0.388500 0.205822
 0.390000 0.204837
 0.391500 0.204021
 0.393000 0.203551
 0.394500 0.203303
 0.396000 0.202798
 0.397500 0.201904
 0.399000 0.200595
 0.400500 0.199188
 0.402000 0.197996
 0.403500 0.196909
 0.405000 0.195763
 0.406500 0.194644
 0.408000 0.193550
 0.409500 0.192455
 0.411000 0.191409
 0.412500 0.190365
 0.414000 0.189535
 0.415500 0.189022
 0.417000 0.188662
 0.418500 0.188262
 0.420000 0.187474
 0.421500 0.186354
 0.423000 0.185272
 0.424500 0.184368
 0.426000 0.183710
 0.427500 0.183100
 0.429000 0.182326
 0.430500 0.181509
 0.432000 0.180842
 0.433500 0.180420
 0.435000 0.180236
 0.436500 0.180089
 0.438000 0.179900
 0.439500 0.179700
 0.441000 0.179377
 0.442500 0.179036
 0.444000 0.178659
 0.445500 0.178338
 0.447000 0.178274
 0.448500 0.178431
 0.450000 0.178721
 0.451500 0.179031
 0.453000 0.179263
 0.454500 0.179592
 0.456000 0.180187
 0.457500 0.181051
 0.459000 0.182061
 0.460500 0.182958
 0.462000 0.183619
 0.463500 0.184249
 0.465000 0.185024
 0.466500 0.186019
 0.468000 0.187131
 0.469500 0.188218
 0.471000 0.189395
 0.472500 0.190576
 0.474000 0.191797
 0.475500 0.193113
 0.477000 0.194194
 0.478500 0.194999
 0.480000 0.195805
 0.481500 0.196608
 0.483000 0.197515
 0.484500 0.198366
 0.486000 0.198909
 0.487500 0.199114
 0.489000 0.199040
 0.490500 0.198955
 0.492000 0.198938
 0.493500 0.198802
 0.495000 0.198536
 0.496500 0.198097
 0.498000 0.197438
 0.499500 0.196815
 0.501000 0.196320
 0.502500 0.195900
 0.504000 0.195527
 0.505500 0.195142
 0.507000 0.194598
 0.508500 0.193677
 0.510000 0.192384
 0.511500 0.191112
 0.513000 0.189884
 0.514500 0.188736
 0.516000 0.187712
 0.517500 0.186473
 0.519000 0.184940
 0.520500 0.183401
 0.522000 0.182029
 0.523500 0.180871
 0.525000 0.179816
 0.526500 0.178759
 0.528000 0.177569
 0.529500 0.176178
 0.531000 0.174712
 0.532500 0.173306
 0.534000 0.171894
 0.535500 0.170693
 0.537000 0.169698
 0.538500 0.168718
 0.540000 0.167728
 0.541500 0.166719
 0.543000 0.165760
 0.544500 0.165054
 0.546000 0.164628
 0.547500 0.164452
 0.549000 0.164262
 0.550500 0.163942
 0.552000 0.163693
 0.553500 0.163621
 0.555000 0.163766
 0.556500 0.164174
 0.558000 0.164659
 0.559500 0.164987
 0.561000 0.165270
 0.562500 0.165593
 0.564000 0.165953
 0.565500 0.166402
 0.567000 0.166945
 0.568500 0.167559
 0.570000 0.168197
 0.571500 0.168874
 0.573000 0.169624
 0.574500 0.170338
 0.576000 0.171044
 0.577500 0.171843
 0.579000 0.172640
 0.580500 0.173356
 0.582000 0.173917
 0.583500 0.174268
 0.585000 0.174453
 0.586500 0.174624
 0.588000 0.174967
 0.589500 0.175514
 0.591000 0.176022
 0.592500 0.176530
 0.594000 0.176998
 0.595500 0.177357
 0.597000 0.177695
 0.598500 0.177952
 0.600000 0.178020
 0.601500 0.177980
 0.603000 0.177807
 0.604500 0.177597
 0.606000 0.177200
 0.607500 0.176606
 0.609000 0.176059
 0.610500 0.175581
 0.612000 0.175219
 0.613500 0.174954
 0.615000 0.174540
 0.616500 0.173935
 0.618000 0.173176
 0.619500 0.172420
 0.621000 0.171742
 0.622500 0.171188
 0.624000 0.170679
 0.625500 0.170249
 0.627000 0.169732
 0.628500 0.169178
 0.630000 0.168701
 0.631500 0.168305
 0.633000 0.168090
 0.634500 0.168066
 0.636000 0.168007
 0.637500 0.167794
 0.639000 0.167435
 0.640500 0.167116
 0.642000 0.167072
 0.643500 0.167381
 0.645000 0.167983
 0.646500 0.168644
 0.648000 0.169246
 0.649500 0.169915
 0.651000 0.170708
 0.652500 0.171677
 0.654000 0.172738
 0.655500 0.173763
 0.657000 0.174603
 0.658500 0.175291
 0.660000 0.176037
 0.661500 0.176913
 0.663000 0.177916
 0.664500 0.178986
 0.666000 0.180179
 0.667500 0.181407
 0.669000 0.182558
 0.670500 0.183716
 0.672000 0.184835
 0.673500 0.186090
 0.675000 0.187497
 0.676500 0.188955
 0.678000 0.190346
 0.679500 0.191468
 0.681000 0.192350
 0.682500 0.193207
 0.684000 0.194206
 0.685500 0.195280
 0.687000 0.196263
 0.688500 0.196984
 0.690000 0.197457
 0.691500 0.197901
 0.693000 0.198406
 0.694500 0.198973
 0.696000 0.199386
 0.697500 0.199595
 0.699000 0.199651
 0.700500 0.199622
 0.702000 0.199548
 0.703500 0.199295
 0.705000 0.198759
 0.706500 0.197994
 0.708000 0.197078
 0.709500 0.195907
 0.711000 0.194464
 0.712500 0.192798
 0.714000 0.191062
 0.715500 0.189357
 0.717000 0.187642
 0.718500 0.185900
 0.720000 0.184111
 0.721500 0.182262
 0.723000 0.180444
 0.724500 0.178600
 0.726000 0.176600
 0.727500 0.174373
 0.729000 0.172057
 0.730500 0.169840
 0.732000 0.167866
 0.733500 0.166222
 0.735000 0.164846
 0.736500 0.163657
 0.738000 0.162639
 0.739500 0.161860
 0.741000 0.161290
 0.742500 0.160868
 0.744000 0.160487
 0.745500 0.160104
 0.747000 0.159664
 0.748500 0.159101
 0.750000 0.158482
 0.751500 0.157784
 0.753000 0.157065
 0.754500 0.156429
 0.756000 0.155972
 0.757500 0.155616
 0.759000 0.155181
 0.760500 0.154634
 0.762000 0.154053
 0.763500 0.153576
 0.765000 0.153315
 0.766500 0.153228
 0.768000 0.153143
 0.769500 0.152964
 0.771000 0.152750
 0.772500 0.152684
 0.774000 0.152941
 0.775500 0.153453
 0.777000 0.154089
 0.778500 0.154759
 0.780000 0.155459
 0.781500 0.156201
 0.783000 0.157025
 0.784500 0.157953
 0.786000 0.158995
 0.787500 0.160215
 0.789000 0.161546
 0.790500 0.162880
 0.792000 0.164071
 0.793500 0.165200
 0.795000 0.166452
 0.796500 0.167812
 0.798000 0.169167
 0.799500 0.170382
 0.801000 0.171321
 0.802500 0.172054
 0.804000 0.172759
 0.805500 0.173482
 0.807000 0.174133
 0.808500 0.174534
 0.810000 0.174682
 0.811500 0.174598
 0.813000 0.174341
 0.814500 0.174022
 0.816000 0.173617
 0.817500 0.173007
 0.819000 0.172341
 0.820500 0.171660
 0.822000 0.170943
 0.823500 0.170211
 0.825000 0.169396
 0.826500 0.168570
 0.828000 0.167797
 0.829500 0.167076
 0.831000 0.166310
 0.832500 0.165297
 0.834000 0.164138
 0.835500 0.163042
 0.837000 0.162109
 0.838500 0.161316
 0.840000 0.160579
 0.841500 0.159719
 0.843000 0.158777
 0.844500 0.157967
 0.846000 0.157398
 0.847500 0.156986
 0.849000 0.156461
 0.850500 0.155679
 0.852000 0.154745
 0.853500 0.153756
 0.855000 0.152965
 0.856500 0.152347
 0.858000 0.151758
 0.859500 0.151225
 0.861000 0.150795
 0.862500 0.150451
 0.864000 0.150180
 0.865500 0.149946
 0.867000 0.149733
 0.868500 0.149562
 0.870000 0.149369
 0.871500 0.149100
 0.873000 0.148604
 0.874500 0.147944
 0.876000 0.147311
 0.877500 0.146871
 0.879000 0.146510
 0.880500 0.146027
 0.882000 0.145274
 0.883500 0.144244
 0.885000 0.143164
 0.886500 0.142195
 0.888000 0.141278
 0.889500 0.140213
 0.891000 0.138858
 0.892500 0.137334
 0.894000 0.135784
 0.895500 0.134346
 0.897000 0.133022
 0.898500 0.131730
 0.900000 0.130422
 0.901500 0.129011
 0.903000 0.127496
 0.904500 0.125935
 0.906000 0.124382
 0.907500 0.122975
 0.909000 0.121822
 0.910500 0.120867
 0.912000 0.120067
 0.913500 0.119379
 0.915000 0.118767
 0.916500 0.118339
 0.918000 0.118202
 0.919500 0.118267
 0.921000 0.118335
 0.922500 0.118166
 0.924000 0.117722
 0.925500 0.117191
 0.927000 0.116731
 0.928500 0.116433
 0.930000 0.116241
 0.931500 0.116016
 0.933000 0.115770
 0.934500 0.115590
 0.936000 0.115567
 0.937500 0.115719
 0.939000 0.115916
 0.940500 0.116167
 0.942000 0.116430
 0.943500 0.116674
 0.945000 0.116892
 0.946500 0.117059
 0.948000 0.117212
 0.949500 0.117427
 0.951000 0.117757
 0.952500 0.118155
 0.954000 0.118537
 0.955500 0.118814
 0.957000 0.119076
 0.958500 0.119406
 0.960000 0.119868
 0.961500 0.120363
 0.963000 0.120758
 0.964500 0.120998
 0.966000 0.121137
 0.967500 0.121264
 0.969000 0.121469
 0.970500 0.121739
 0.972000 0.121979
 0.973500 0.122192
 0.975000 0.122378
 0.976500 0.122535
 0.978000 0.122655
 0.979500 0.122655
 0.981000 0.122597
 0.982500 0.122471
 0.984000 0.122278
 0.985500 0.122050
 0.987000 0.121716
 0.988500 0.121261
 0.990000 0.120801
 0.991500 0.120389
 0.993000 0.119987
 0.994500 0.119526
 0.996000 0.118951
 0.997500 0.118285
 0.999000 0.117653
 1.000500 0.117117
 1.002000 0.116716
 1.003500 0.116373
 1.005000 0.115992
 1.006500 0.115659
 1.008000 0.115408
 1.009500 0.115238
 1.011000 0.115091
 1.012500 0.114874
 1.014000 0.114608
 1.015500 0.114303
 1.017000 0.113969
 1.018500 0.113569
 1.020000 0.113058
 1.021500 0.112454
 1.023000 0.111840
 1.024500 0.111298
 1.026000 0.110859
 1.027500 0.110434
 1.029000 0.109904
 1.030500 0.109266
 1.032000 0.108522
 1.033500 0.107752
 1.035000 0.106951
 1.036500 0.106052
 1.038000 0.105083
 1.039500 0.104057
 1.041000 0.103014
 1.042500 0.101959
 1.044000 0.100860
 1.045500 0.099705
 1.047000 0.098510
 1.048500 0.097278
 1.050000 0.095998
 1.051500 0.094649
 1.053000 0.093185
 1.054500 0.091671
 1.056000 0.090188
 1.057500 0.088803
 1.059000 0.087535
 1.060500 0.086346
 1.062000 0.085219
 1.063500 0.084131
 1.065000 0.083100
 1.066500 0.082132
 1.068000 0.081167
 1.069500 0.080123
 1.071000 0.078965
 1.072500 0.077687
 1.074000 0.076315
 1.075500 0.074882
 1.077000 0.073415
 1.078500 0.071948
 1.080000 0.070527
 1.081500 0.069147
 1.083000 0.067796
 1.084500 0.066466
 1.086000 0.065171
 1.087500 0.063936
 1.089000 0.062784
 1.090500 0.061699
 1.092000 0.060646
 1.093500 0.059588
 1.095000 0.058535
 1.096500 0.057531
 1.098000 0.056603
 1.099500 0.055761
 1.101000 0.054965
 1.102500 0.054182
 1.104000 0.053416
 1.105500 0.052695
 1.107000 0.052060
 1.108500 0.051524
 1.110000 0.051065
 1.111500 0.050679
 1.113000 0.050383
 1.114500 0.050190
 1.116000 0.050080
 1.117500 0.050004
 1.119000 0.049908
 1.120500 0.049801
 1.122000 0.049715
 1.123500 0.049674
 1.125000 0.049672
 1.126500 0.049681
 1.128000 0.049708
 1.129500 0.049779
 1.131000 0.049942
 1.132500 0.050210
 1.134000 0.050551
 1.135500 0.050926
 1.137000 0.051306
 1.138500 0.051679
 1.140000 0.052015
 1.141500 0.052272
 1.143000 0.052424
 1.144500 0.052457
 1.146000 0.052391
 1.147500 0.052244
 1.149000 0.052027
 1.150500 0.051718
 1.152000 0.051340
 1.153500 0.050940
 1.155000 0.050535
 1.156500 0.050152
 1.158000 0.049782
 1.159500 0.049397
 1.161000 0.048968
 1.162500 0.048496
 1.164000 0.048036
 1.165500 0.047620
 1.167000 0.047248
 1.168500 0.046907
 1.170000 0.046571
 1.171500 0.046222
 1.173000 0.045887
 1.174500 0.045586
 1.176000 0.045310
 1.177500 0.045037
 1.179000 0.044748
 1.180500 0.044450
 1.182000 0.044147
 1.183500 0.043851
 1.185000 0.043573
 1.186500 0.043321
 1.188000 0.043112
 1.189500 0.042958
 1.191000 0.042821
 1.192500 0.042651
 1.194000 0.042419
 1.195500 0.042131
 1.197000 0.041816
 1.198500 0.041494
 1.200000 0.041160
 1.201500 0.040796
 1.203000 0.040398
 1.204500 0.040000
 1.206000 0.039639
 1.207500 0.039334
 1.209000 0.039096
 1.210500 0.038924
 1.212000 0.038797
 1.213500 0.038706
 1.215000 0.038633
 1.216500 0.038562
 1.218000 0.038483
 1.219500 0.038407
 1.221000 0.038362
 1.222500 0.038349
 1.224000 0.038343
 1.225500 0.038333
 1.227000 0.038310
 1.228500 0.038293
 1.230000 0.038310
 1.231500 0.038363
 1.233000 0.038424
 1.234500 0.038477
 1.236000 0.038530
 1.237500 0.038609
 1.239000 0.038728
 1.240500 0.038894
 1.242000 0.039100
 1.243500 0.039338
 1.245000 0.039590
 1.246500 0.039848
 1.248000 0.040107
 1.249500 0.040371
 1.251000 0.040647
 1.252500 0.040946
 1.254000 0.041280
 1.255500 0.041639
 1.257000 0.041998
 1.258500 0.042355
 1.260000 0.042723
 1.261500 0.043125
 1.263000 0.043557
 1.264500 0.043991
 1.266000 0.044378
 1.267500 0.044698
 1.269000 0.044990
 1.270500 0.045295
 1.272000 0.045640
 1.273500 0.046017
 1.275000 0.046417
 1.276500 0.046837
 1.278000 0.047310
 1.279500 0.047877
 1.281000 0.048540
 1.282500 0.049281
 1.284000 0.050080
 1.285500 0.050924
 1.287000 0.051788
 1.288500 0.052666
 1.290000 0.053562
 1.291500 0.054471
 1.293000 0.055386
 1.294500 0.056313
 1.296000 0.057260
 1.297500 0.058203
 1.299000 0.059143
 1.300500 0.060083
 1.302000 0.061012
 1.303500 0.061909
 1.305000 0.062764
 1.306500 0.063566
 1.308000 0.064328
 1.309500 0.065072
 1.311000 0.065841
 1.312500 0.066664
 1.314000 0.067524
 1.315500 0.068413
 1.317000 0.069302
 1.318500 0.070145
 1.320000 0.070915
 1.321500 0.071622
 1.323000 0.072252
 1.324500 0.072806
 1.326000 0.073285
 1.327500 0.073694
 1.329000 0.074013
 1.330500 0.074258
 1.332000 0.074457
 1.333500 0.074640
 1.335000 0.074819
 1.336500 0.074968
 1.338000 0.075043
 1.339500 0.075008
 1.341000 0.074869
 1.342500 0.074684
 1.344000 0.074504
 1.345500 0.074327
 1.347000 0.074141
 1.348500 0.073911
 1.350000 0.073642
 1.351500 0.073352
 1.353000 0.073080
 1.354500 0.072847
 1.356000 0.072637
 1.357500 0.072451
 1.359000 0.072273
 1.360500 0.072111
 1.362000 0.071997
 1.363500 0.071966
 1.365000 0.072027
 1.366500 0.072166
 1.368000 0.072314
 1.369500 0.072403
 1.371000 0.072420
 1.372500 0.072394
 1.374000 0.072380
 1.375500 0.072390
 1.377000 0.072434
 1.378500 0.072485
 1.380000 0.072519
 1.381500 0.072562
 1.383000 0.072676
 1.384500 0.072900
 1.386000 0.073226
 1.387500 0.073635
 1.389000 0.074080
 1.390500 0.074488
 1.392000 0.074872
 1.393500 0.075223
 1.395000 0.075543
 1.396500 0.075816
 1.398000 0.076055
 1.399500 0.076280
 1.401000 0.076465
 1.402500 0.076588
 1.404000 0.076700
 1.405500 0.076847
 1.407000 0.077085
 1.408500 0.077430
 1.410000 0.077820
 1.411500 0.078181
 1.413000 0.078497
 1.414500 0.078818
 1.416000 0.079221
 1.417500 0.079708
 1.419000 0.080214
 1.420500 0.080678
 1.422000 0.081064
 1.423500 0.081425
 1.425000 0.081781
 1.426500 0.082102
 1.428000 0.082376
 1.429500 0.082592
 1.431000 0.082727
 1.432500 0.082770
 1.434000 0.082694
 1.435500 0.082507
 1.437000 0.082253
 1.438500 0.081986
 1.440000 0.081726
 1.441500 0.081430
 1.443000 0.081050
 1.444500 0.080587
 1.446000 0.080033
 1.447500 0.079453
 1.449000 0.078905
 1.450500 0.078350
 1.452000 0.077763
 1.453500 0.077142
 1.455000 0.076539
 1.456500 0.076002
 1.458000 0.075522
 1.459500 0.075054
 1.461000 0.074548
 1.462500 0.073974
 1.464000 0.073359
 1.465500 0.072728
 1.467000 0.072059
 1.468500 0.071315
 1.470000 0.070480
 1.471500 0.069584
 1.473000 0.068699
 1.474500 0.067871
 1.476000 0.067097
 1.477500 0.066350
 1.479000 0.065633
 1.480500 0.064972
 1.482000 0.064358
 1.483500 0.063779
 1.485000 0.063231
 1.486500 0.062728
 1.488000 0.062317
 1.489500 0.062013
 1.491000 0.061776
 1.492500 0.061534
 1.494000 0.061270
 1.495500 0.060988
 1.497000 0.060725
 1.498500 0.060495
 1.500000 0.060228
 1.501500 0.059853
 1.503000 0.059337
 1.504500 0.058738
 1.506000 0.058160
 1.507500 0.057647
 1.509000 0.057236
 1.510500 0.056944
 1.512000 0.056759
 1.513500 0.056674
 1.515000 0.056696
 1.516500 0.056822
 1.518000 0.057037
 1.519500 0.057326
 1.521000 0.057707
 1.522500 0.058171
 1.524000 0.058691
 1.525500 0.059260
 1.527000 0.059881
 1.528500 0.060579
 1.530000 0.061383
 1.531500 0.062269
 1.533000 0.063173
 1.534500 0.064064
 1.536000 0.064925
 1.537500 0.065744
 1.539000 0.066492
 1.540500 0.067135
 1.542000 0.067639
 1.543500 0.067962
 1.545000 0.068121
 1.546500 0.068158
 1.548000 0.068038
 1.549500 0.067760
 1.551000 0.067376
 1.552500 0.066914
 1.554000 0.066375
 1.555500 0.065757
 1.557000 0.065025
 1.558500 0.064154
 1.560000 0.063190
 1.561500 0.062224
 1.563000 0.061301
 1.564500 0.060415
 1.566000 0.059536
 1.567500 0.058648
 1.569000 0.057762
 1.570500 0.056917
 1.572000 0.056143
 1.573500 0.055421
 1.575000 0.054718
 1.576500 0.054011
 1.578000 0.053307
 1.579500 0.052631
 1.581000 0.052028
 1.582500 0.051510
 1.584000 0.051070
 1.585500 0.050687
 1.587000 0.050342
 1.588500 0.050001
 1.590000 0.049636
 1.591500 0.049221
 1.593000 0.048765
 1.594500 0.048282
 1.596000 0.047800
 1.597500 0.047334
 1.599000 0.046891
 1.600500 0.046465
 1.602000 0.046044
 1.603500 0.045632
 1.605000 0.045241
 1.606500 0.044867
 1.608000 0.044482
 1.609500 0.044067
 1.611000 0.043617
 1.612500 0.043138
 1.614000 0.042639
 1.615500 0.042147
 1.617000 0.041685
 1.618500 0.041267
 1.620000 0.040911
 1.621500 0.040611
 1.623000 0.040355
 1.624500 0.040150
 1.626000 0.039994
 1.627500 0.039889
 1.629000 0.039819
 1.630500 0.039762
 1.632000 0.039701
 1.633500 0.039627
 1.635000 0.039545
 1.636500 0.039472
 1.638000 0.039400
 1.639500 0.039338
 1.641000 0.039296
 1.642500 0.039277
 1.644000 0.039277
 1.645500 0.039289
 1.647000 0.039303
 1.648500 0.039319
 1.650000 0.039327
 1.651500 0.039310
 1.653000 0.039230
 1.654500 0.039066
 1.656000 0.038832
 1.657500 0.038567
 1.659000 0.038298
 1.660500 0.038042
 1.662000 0.037791
 1.663500 0.037535
 1.665000 0.037294
 1.666500 0.037100
 1.668000 0.036969
 1.669500 0.036883
 1.671000 0.036810
 1.672500 0.036729
 1.674000 0.036647
 1.675500 0.036580
 1.677000 0.036536
 1.678500 0.036475
 1.680000 0.036366
 1.681500 0.036218
 1.683000 0.036071
 1.684500 0.035953
 1.686000 0.035856
 1.687500 0.035754
 1.689000 0.035636
 1.690500 0.035527
 1.692000 0.035465
 1.693500 0.035489
 1.695000 0.035592
 1.696500 0.035768
 1.698000 0.036028
 1.699500 0.036378
 1.701000 0.036802
 1.702500 0.037251
 1.704000 0.037679
 1.705500 0.038071
 1.707000 0.038438
 1.708500 0.038775
 1.710000 0.039056
 1.711500 0.039243
 1.713000 0.039336
 1.714500 0.039381
 1.716000 0.039432
 1.717500 0.039538
 1.719000 0.039699
 1.720500 0.039879
 1.722000 0.040060
 1.723500 0.040231
 1.725000 0.040393
 1.726500 0.040534
 1.728000 0.040641
 1.729500 0.040697
 1.731000 0.040679
 1.732500 0.040574
 1.734000 0.040390
 1.735500 0.040141
 1.737000 0.039859
 1.738500 0.039587
 1.740000 0.039330
 1.741500 0.039078
 1.743000 0.038800
 1.744500 0.038462
 1.746000 0.038068
 1.747500 0.037640
 1.749000 0.037200
 1.750500 0.036748
 1.752000 0.036263
 1.753500 0.035727
 1.755000 0.035146
 1.756500 0.034574
 1.758000 0.034053
 1.759500 0.033593
 1.761000 0.033192
 1.762500 0.032854
 1.764000 0.032585
 1.765500 0.032388
 1.767000 0.032264
 1.768500 0.032202
 1.770000 0.032197
 1.771500 0.032252
 1.773000 0.032361
 1.774500 0.032494
 1.776000 0.032608
 1.777500 0.032675
 1.779000 0.032697
 1.780500 0.032684
 1.782000 0.032645
 1.783500 0.032569
 1.785000 0.032462
 1.786500 0.032343
 1.788000 0.032240
 1.789500 0.032184
 1.791000 0.032186
 1.792500 0.032229
 1.794000 0.032306
 1.795500 0.032419
 1.797000 0.032565
 1.798500 0.032730
 1.800000 0.032901
 1.801500 0.033071
 1.803000 0.033253
 1.804500 0.033459
 1.806000 0.033688
 1.807500 0.033932
 1.809000 0.034173
 1.810500 0.034404
 1.812000 0.034635
 1.813500 0.034883
 1.815000 0.035146
 1.816500 0.035405
 1.818000 0.035627
 1.819500 0.035795
 1.821000 0.035933
 1.822500 0.036067
 1.824000 0.036205
 1.825500 0.036331
 1.827000 0.036440
 1.828500 0.036526
 1.830000 0.036613
 1.831500 0.036709
 1.833000 0.036806
 1.834500 0.036887
 1.836000 0.036934
 1.837500 0.036936
 1.839000 0.036887
 1.840500 0.036781
 1.842000 0.036602
 1.843500 0.036349
 1.845000 0.036030
 1.846500 0.035673
 1.848000 0.035312
 1.849500 0.034962
 1.851000 0.034631
 1.852500 0.034336
 1.854000 0.034109
 1.855500 0.033985
 1.857000 0.033955
 1.858500 0.033987
 1.860000 0.034043
 1.861500 0.034102
 1.863000 0.034170
 1.864500 0.034242
 1.866000 0.034297
 1.867500 0.034311
 1.869000 0.034282
 1.870500 0.034233
 1.872000 0.034182
 1.873500 0.034141
 1.875000 0.034119
 1.876500 0.034113
 1.878000 0.034118
 1.879500 0.034139
 1.881000 0.034193
 1.882500 0.034292
 1.884000 0.034432
 1.885500 0.034598
 1.887000 0.034770
 1.888500 0.034931
 1.890000 0.035068
 1.891500 0.035172
 1.893000 0.035234
 1.894500 0.035250
 1.896000 0.035229
 1.897500 0.035162
 1.899000 0.035043
 1.900500 0.034874
 1.902000 0.034688
 1.903500 0.034524
 1.905000 0.034407
 1.906500 0.034315
 1.908000 0.034204
 1.909500 0.034044
 1.911000 0.033856
 1.912500 0.033687
 1.914000 0.033565
 1.915500 0.033503
 1.917000 0.033481
 1.918500 0.033464
 1.920000 0.033457
 1.921500 0.033475
 1.923000 0.033551
 1.924500 0.033710
 1.926000 0.033955
 1.927500 0.034268
 1.929000 0.034606
 1.930500 0.034949
 1.932000 0.035287
 1.933500 0.035625
 1.935000 0.035985
 1.936500 0.036388
 1.938000 0.036840
 1.939500 0.037314
 1.941000 0.037824
 1.942500 0.038364
 1.944000 0.038963
 1.945500 0.039636
 1.947000 0.040385
 1.948500 0.041194
 1.950000 0.042016
 1.951500 0.042810
 1.953000 0.043561
 1.954500 0.044266
 1.956000 0.044940
 1.957500 0.045587
 1.959000 0.046188
 1.960500 0.046701
 1.962000 0.047097
 1.963500 0.047381
 1.965000 0.047592
 1.966500 0.047778
 1.968000 0.047980
 1.969500 0.048224
 1.971000 0.048484
 1.972500 0.048745
 1.974000 0.048998
 1.975500 0.049263
 1.977000 0.049570
 1.978500 0.049937
 1.980000 0.050371
 1.981500 0.050842
 1.983000 0.051275
 1.984500 0.051620
 1.986000 0.051888
 1.987500 0.052106
 1.989000 0.052290
 1.990500 0.052432
 1.992000 0.052492
 1.993500 0.052461
 1.995000 0.052383
 1.996500 0.052310
 1.998000 0.052298
 1.999500 0.052371
 2.001000 0.052523
 2.002500 0.052765
 2.004000 0.053054
 2.005500 0.053331
 2.007000 0.053572
 2.008500 0.053771
 2.010000 0.053955
 2.011500 0.054147
 2.013000 0.054352
 2.014500 0.054537
 2.016000 0.054689
 2.017500 0.054820
 2.019000 0.054951
 2.020500 0.055085
 2.022000 0.055200
 2.023500 0.055254
 2.025000 0.055172
 2.026500 0.054927
 2.028000 0.054535
 2.029500 0.054043
 2.031000 0.053513
 2.032500 0.052979
 2.034000 0.052442
 2.035500 0.051903
 2.037000 0.051337
 2.038500 0.050768
 2.040000 0.050227
 2.041500 0.049732
 2.043000 0.049299
 2.044500 0.048912
 2.046000 0.048517
 2.047500 0.048074
 2.049000 0.047574
 2.050500 0.047058
 2.052000 0.046602
 2.053500 0.046245
 2.055000 0.045978
 2.056500 0.045742
 2.058000 0.045476
 2.059500 0.045179
 2.061000 0.044875
 2.062500 0.044571
 2.064000 0.044271
 2.065500 0.043944
 2.067000 0.043562
 2.068500 0.043108
 2.070000 0.042591
 2.071500 0.042026
 2.073000 0.041460
 2.074500 0.040936
 2.076000 0.040484
 2.077500 0.040100
 2.079000 0.039757
 2.080500 0.039421
 2.082000 0.039061
 2.083500 0.038704
 2.085000 0.038367
 2.086500 0.038041
 2.088000 0.037724
 2.089500 0.037414
 2.091000 0.037120
 2.092500 0.036849
 2.094000 0.036609
 2.095500 0.036389
 2.097000 0.036183
 2.098500 0.035994
 2.100000 0.035834
 2.101500 0.035706
 2.103000 0.035602
 2.104500 0.035519
 2.106000 0.035457
 2.107500 0.035444
 2.109000 0.035526
 2.110500 0.035733
 2.112000 0.036047
 2.113500 0.036428
 2.115000 0.036830
 2.116500 0.037214
 2.118000 0.037576
 2.119500 0.037932
 2.121000 0.038286
 2.122500 0.038630
 2.124000 0.038946
 2.125500 0.039234
 2.127000 0.039497
 2.128500 0.039747
 2.130000 0.039992
 2.131500 0.040221
 2.133000 0.040393
 2.134500 0.040473
 2.136000 0.040431
 2.137500 0.040263
 2.139000 0.039994
 2.140500 0.039671
 2.142000 0.039351
 2.143500 0.039041
 2.145000 0.038745
 2.146500 0.038463
 2.148000 0.038190
 2.149500 0.037936
 2.151000 0.037723
 2.152500 0.037542
 2.154000 0.037371
 2.155500 0.037186
 2.157000 0.036996
 2.158500 0.036830
 2.160000 0.036709
 2.161500 0.036647
 2.163000 0.036651
 2.164500 0.036712
 2.166000 0.036832
 2.167500 0.036987
 2.169000 0.037147
 2.170500 0.037285
 2.172000 0.037403
 2.173500 0.037517
 2.175000 0.037647
 2.176500 0.037792
 2.178000 0.037929
 2.179500 0.038043
 2.181000 0.038146
 2.182500 0.038263
 2.184000 0.038381
 2.185500 0.038491
 2.187000 0.038574
 2.188500 0.038602
 2.190000 0.038576
 2.191500 0.038518
 2.193000 0.038446
 2.194500 0.038354
 2.196000 0.038264
 2.197500 0.038214
 2.199000 0.038231
 2.200500 0.038307
 2.202000 0.038408
 2.203500 0.038483
 2.205000 0.038500
 2.206500 0.038466
 2.208000 0.038411
 2.209500 0.038339
 2.211000 0.038236
 2.212500 0.038111
 2.214000 0.038004
 2.215500 0.037967
 2.217000 0.038028
 2.218500 0.038176
 2.220000 0.038385
 2.221500 0.038641
 2.223000 0.038931
 2.224500 0.039236
 2.226000 0.039520
 2.227500 0.039758
 2.229000 0.039963
 2.230500 0.040158
 2.232000 0.040359
 2.233500 0.040545
 2.235000 0.040679
 2.236500 0.040741
 2.238000 0.040732
 2.239500 0.040678
 2.241000 0.040584
 2.242500 0.040445
 2.244000 0.040271
 2.245500 0.040078
 2.247000 0.039909
 2.248500 0.039793
 2.250000 0.039759
 2.251500 0.039837
 2.253000 0.040042
 2.254500 0.040359
 2.256000 0.040739
 2.257500 0.041120
 2.259000 0.041458
 2.260500 0.041728
 2.262000 0.041916
 2.263500 0.042019
 2.265000 0.042010
 2.266500 0.041889
 2.268000 0.041667
 2.269500 0.041336
 2.271000 0.040905
 2.272500 0.040392
 2.274000 0.039853
 2.275500 0.039333
 2.277000 0.038856
 2.278500 0.038385
 2.280000 0.037901
 2.281500 0.037422
 2.283000 0.037015
 2.284500 0.036736
 2.286000 0.036597
 2.287500 0.036564
 2.289000 0.036575
 2.290500 0.036592
 2.292000 0.036624
 2.293500 0.036692
 2.295000 0.036818
 2.296500 0.036985
 2.298000 0.037177
 2.299500 0.037361
 2.301000 0.037531
 2.302500 0.037712
 2.304000 0.037934
 2.305500 0.038192
 2.307000 0.038497
 2.308500 0.038802
 2.310000 0.039034
 2.311500 0.039116
 2.313000 0.039033
 2.314500 0.038828
 2.316000 0.038542
 2.317500 0.038202
 2.319000 0.037774
 2.320500 0.037218
 2.322000 0.036528
 2.323500 0.035775
 2.325000 0.035031
 2.326500 0.034349
 2.328000 0.033727
 2.329500 0.033132
 2.331000 0.032543
 2.332500 0.031962
 2.334000 0.031419
 2.335500 0.030931
 2.337000 0.030492
 2.338500 0.030085
 2.340000 0.029696
 2.341500 0.029300
 2.343000 0.028888
 2.344500 0.028465
 2.346000 0.028039
 2.347500 0.027621
 2.349000 0.027216
 2.350500 0.026816
 2.352000 0.026412
 2.353500 0.026001
 2.355000 0.025607
 2.356500 0.025260
 2.358000 0.024978
 2.359500 0.024772
 2.361000 0.024640
 2.362500 0.024581
 2.364000 0.024593
 2.365500 0.024679
 2.367000 0.024851
 2.368500 0.025119
 2.370000 0.025463
 2.371500 0.025848
 2.373000 0.026241
 2.374500 0.026640
 2.376000 0.027054
 2.377500 0.027486
 2.379000 0.027918
 2.380500 0.028327
 2.382000 0.028700
 2.383500 0.029049
 2.385000 0.029391
 2.386500 0.029712
 2.388000 0.029994
 2.389500 0.030217
 2.391000 0.030391
 2.392500 0.030540
 2.394000 0.030687
 2.395500 0.030824
 2.397000 0.030943
 2.398500 0.031034
 2.400000 0.031120
 2.401500 0.031234
 2.403000 0.031397
 2.404500 0.031612
 2.406000 0.031851
 2.407500 0.032096
 2.409000 0.032355
 2.410500 0.032645
 2.412000 0.032986
 2.413500 0.033375
 2.415000 0.033800
 2.416500 0.034254
 2.418000 0.034716
 2.419500 0.035167
 2.421000 0.035607
 2.422500 0.036062
 2.424000 0.036567
 2.425500 0.037144
 2.427000 0.037783
 2.428500 0.038452
 2.430000 0.039113
 2.431500 0.039741
 2.433000 0.040364
 2.434500 0.040998
 2.436000 0.041641
 2.437500 0.042250
 2.439000 0.042779
 2.440500 0.043204
 2.442000 0.043522
 2.443500 0.043781
 2.445000 0.044046
 2.446500 0.044341
 2.448000 0.044684
 2.449500 0.045072
 2.451000 0.045472
 2.452500 0.045860
 2.454000 0.046234
 2.455500 0.046630
 2.457000 0.047086
 2.458500 0.047570
 2.460000 0.048012
 2.461500 0.048334
 2.463000 0.048483
 2.464500 0.048488
 2.466000 0.048435
 2.467500 0.048336
 2.469000 0.048186
 2.470500 0.047944
 2.472000 0.047517
 2.473500 0.046882
 2.475000 0.046094
 2.476500 0.045256
 2.478000 0.044423
 2.479500 0.043610
 2.481000 0.042806
 2.482500 0.041976
 2.484000 0.041116
 2.485500 0.040282
 2.487000 0.039549
 2.488500 0.038947
 2.490000 0.038463
 2.491500 0.038059
 2.493000 0.037656
 2.494500 0.037212
 2.496000 0.036725
 2.497500 0.036254
 2.499000 0.035851
 2.500500 0.035520
 2.502000 0.035232
 2.503500 0.034958
 2.505000 0.034684
 2.506500 0.034437
 2.508000 0.034257
 2.509500 0.034165
 2.511000 0.034149
 2.512500 0.034176
 2.514000 0.034213
 2.515500 0.034232
 2.517000 0.034223
 2.518500 0.034210
 2.520000 0.034223
 2.521500 0.034261
 2.523000 0.034311
 2.524500 0.034338
 2.526000 0.034311
 2.527500 0.034230
 2.529000 0.034124
 2.530500 0.034029
 2.532000 0.033960
 2.533500 0.033901
 2.535000 0.033830
 2.536500 0.033741
 2.538000 0.033658
 2.539500 0.033628
 2.541000 0.033678
 2.542500 0.033798
 2.544000 0.033966
 2.545500 0.034164
 2.547000 0.034388
 2.548500 0.034639
 2.550000 0.034923
 2.551500 0.035240
 2.553000 0.035598
 2.554500 0.035996
 2.556000 0.036430
 2.557500 0.036884
 2.559000 0.037337
 2.560500 0.037784
 2.562000 0.038224
 2.563500 0.038664
 2.565000 0.039076
 2.566500 0.039445
 2.568000 0.039760
 2.569500 0.040025
 2.571000 0.040246
 2.572500 0.040419
 2.574000 0.040534
 2.575500 0.040616
 2.577000 0.040702
 2.578500 0.040833
 2.580000 0.040993
 2.581500 0.041132
 2.583000 0.041200
 2.584500 0.041182
 2.586000 0.041099
 2.587500 0.040971
 2.589000 0.040805
 2.590500 0.040599
 2.592000 0.040338
 2.593500 0.040028
 2.595000 0.039686
 2.596500 0.039347
 2.598000 0.039044
 2.599500 0.038790
 2.601000 0.038574
 2.602500 0.038382
 2.604000 0.038177
 2.605500 0.037956
 2.607000 0.037743
 2.608500 0.037580
 2.610000 0.037484
 2.611500 0.037445
 2.613000 0.037425
 2.614500 0.037385
 2.616000 0.037313
 2.617500 0.037238
 2.619000 0.037179
 2.620500 0.037167
 2.622000 0.037223
 2.623500 0.037342
 2.625000 0.037492
 2.626500 0.037656
 2.628000 0.037848
 2.629500 0.038099
 2.631000 0.038444
 2.632500 0.038866
 2.634000 0.039313
 2.635500 0.039705
 2.637000 0.040003
 2.638500 0.040252
 2.640000 0.040478
 2.641500 0.040685
 2.643000 0.040851
 2.644500 0.040932
 2.646000 0.040902
 2.647500 0.040799
 2.649000 0.040724
 2.650500 0.040732
 2.652000 0.040855
 2.653500 0.041063
 2.655000 0.041308
 2.656500 0.041548
 2.658000 0.041765
 2.659500 0.042004
 2.661000 0.042273
 2.662500 0.042560
 2.664000 0.042834
 2.665500 0.043054
 2.667000 0.043201
 2.668500 0.043293
 2.670000 0.043390
 2.671500 0.043526
 2.673000 0.043675
 2.674500 0.043780
 2.676000 0.043803
 2.677500 0.043729
 2.679000 0.043603
 2.680500 0.043474
 2.682000 0.043369
 2.683500 0.043279
 2.685000 0.043176
 2.686500 0.043054
 2.688000 0.042948
 2.689500 0.042908
 2.691000 0.042962
 2.692500 0.043109
 2.694000 0.043296
 2.695500 0.043484
 2.697000 0.043633
 2.698500 0.043721
 2.700000 0.043754
 2.701500 0.043759
 2.703000 0.043758
 2.704500 0.043742
 2.706000 0.043666
 2.707500 0.043487
 2.709000 0.043191
 2.710500 0.042793
 2.712000 0.042331
 2.713500 0.041834
 2.715000 0.041286
 2.716500 0.040684
 2.718000 0.040049
 2.719500 0.039449
 2.721000 0.038965
 2.722500 0.038632
 2.724000 0.038458
 2.725500 0.038414
 2.727000 0.038447
 2.728500 0.038532
 2.730000 0.038664
 2.731500 0.038844
 2.733000 0.039057
 2.734500 0.039281
 2.736000 0.039490
 2.737500 0.039655
 2.739000 0.039779
 2.740500 0.039870
 2.742000 0.039944
 2.743500 0.040015
 2.745000 0.040075
 2.746500 0.040102
 2.748000 0.040073
 2.749500 0.039967
 2.751000 0.039803
 2.752500 0.039623
 2.754000 0.039462
 2.755500 0.039331
 2.757000 0.039241
 2.758500 0.039193
 2.760000 0.039176
 2.761500 0.039202
 2.763000 0.039280
 2.764500 0.039424
 2.766000 0.039631
 2.767500 0.039886
 2.769000 0.040157
 2.770500 0.040400
 2.772000 0.040607
 2.773500 0.040794
 2.775000 0.040993
 2.776500 0.041256
 2.778000 0.041607
 2.779500 0.042019
 2.781000 0.042458
 2.782500 0.042903
 2.784000 0.043364
 2.785500 0.043862
 2.787000 0.044421
 2.788500 0.045034
 2.790000 0.045663
 2.791500 0.046268
 2.793000 0.046842
 2.794500 0.047365
 2.796000 0.047829
 2.797500 0.048239
 2.799000 0.048604
 2.800500 0.048931
 2.802000 0.049205
 2.803500 0.049398
 2.805000 0.049498
 2.806500 0.049517
 2.808000 0.049502
 2.809500 0.049502
 2.811000 0.049535
 2.812500 0.049604
 2.814000 0.049709
 2.815500 0.049815
 2.817000 0.049895
 2.818500 0.049958
 2.820000 0.050008
 2.821500 0.050049
 2.823000 0.050063
 2.824500 0.050024
 2.826000 0.049913
 2.827500 0.049717
 2.829000 0.049473
 2.830500 0.049233
 2.832000 0.049020
 2.833500 0.048825
 2.835000 0.048585
 2.836500 0.048260
 2.838000 0.047853
 2.839500 0.047410
 2.841000 0.046929
 2.842500 0.046422
 2.844000 0.045878
 2.845500 0.045296
 2.847000 0.044681
 2.848500 0.044049
 2.850000 0.043425
 2.851500 0.042806
 2.853000 0.042189
 2.854500 0.041592
 2.856000 0.041014
 2.857500 0.040475
 2.859000 0.039992
 2.860500 0.039560
 2.862000 0.039174
 2.863500 0.038826
 2.865000 0.038510
 2.866500 0.038235
 2.868000 0.038026
 2.869500 0.037898
 2.871000 0.037818
 2.872500 0.037737
 2.874000 0.037622
 2.875500 0.037466
 2.877000 0.037287
 2.878500 0.037136
 2.880000 0.037037
 2.881500 0.036989
 2.883000 0.037002
 2.884500 0.037077
 2.886000 0.037191
 2.887500 0.037326
 2.889000 0.037510
 2.890500 0.037759
 2.892000 0.038069
 2.893500 0.038407
 2.895000 0.038726
 2.896500 0.038954
 2.898000 0.039077
 2.899500 0.039137
 2.901000 0.039181
 2.902500 0.039221
 2.904000 0.039257
 2.905500 0.039248
 2.907000 0.039145
 2.908500 0.038943
 2.910000 0.038699
 2.911500 0.038478
 2.913000 0.038297
 2.914500 0.038148
 2.916000 0.037994
 2.917500 0.037786
 2.919000 0.037555
 2.920500 0.037381
 2.922000 0.037335
 2.923500 0.037432
 2.925000 0.037649
 2.926500 0.037924
 2.928000 0.038176
 2.929500 0.038365
 2.931000 0.038499
 2.932500 0.038602
 2.934000 0.038668
 2.935500 0.038709
 2.937000 0.038706
 2.938500 0.038634
 2.940000 0.038522
 2.941500 0.038441
 2.943000 0.038450
 2.944500 0.038560
 2.946000 0.038774
 2.947500 0.039056
 2.949000 0.039359
 2.950500 0.039688
 2.952000 0.040096
 2.953500 0.040592
 2.955000 0.041154
 2.956500 0.041774
 2.958000 0.042405
 2.959500 0.043007
 2.961000 0.043524
 2.962500 0.043937
 2.964000 0.044243
 2.965500 0.044444
 2.967000 0.044549
 2.968500 0.044561
 2.970000 0.044473
 2.971500 0.044298
 2.973000 0.044054
 2.974500 0.043759
 2.976000 0.043462
 2.977500 0.043193
 2.979000 0.042928
 2.980500 0.042683
 2.982000 0.042473
 2.983500 0.042304
 2.985000 0.042182
 2.986500 0.042083
 2.988000 0.041989
 2.989500 0.041882
 2.991000 0.041782
 2.992500 0.041730
 2.994000 0.041708
 2.995500 0.041656
 2.997000 0.041557
 2.998500 0.041425
 3.000000 0.041282
 3.001500 0.041138
 3.003000 0.040982
 3.004500 0.040777
 3.006000 0.040488
 3.007500 0.040117
 3.009000 0.039710
 3.010500 0.039285
 3.012000 0.038863
 3.013500 0.038461
 3.015000 0.038069
 3.016500 0.037696
 3.018000 0.037347
 3.019500 0.037038
 3.021000 0.036770
 3.022500 0.036545
 3.024000 0.036382
 3.025500 0.036259
 3.027000 0.036139
 3.028500 0.036016
 3.030000 0.035897
 3.031500 0.035797
 3.033000 0.035707
 3.034500 0.035599
 3.036000 0.035448
 3.037500 0.035241
 3.039000 0.034989
 3.040500 0.034712
 3.042000 0.034412
 3.043500 0.034079
 3.045000 0.033730
 3.046500 0.033369
 3.048000 0.033021
 3.049500 0.032709
 3.051000 0.032462
 3.052500 0.032303
 3.054000 0.032230
 3.055500 0.032243
 3.057000 0.032330
 3.058500 0.032474
 3.060000 0.032667
 3.061500 0.032896
 3.063000 0.033146
 3.064500 0.033414
 3.066000 0.033668
 3.067500 0.033883
 3.069000 0.034073
 3.070500 0.034272
 3.072000 0.034548
 3.073500 0.034925
 3.075000 0.035371
 3.076500 0.035826
 3.078000 0.036242
 3.079500 0.036616
 3.081000 0.036985
 3.082500 0.037368
 3.084000 0.037758
 3.085500 0.038120
 3.087000 0.038406
 3.088500 0.038599
 3.090000 0.038716
 3.091500 0.038782
 3.093000 0.038834
 3.094500 0.038872
 3.096000 0.038862
 3.097500 0.038748
 3.099000 0.038520
 3.100500 0.038223
 3.102000 0.037953
 3.103500 0.037801
 3.105000 0.037811
 3.106500 0.037963
 3.108000 0.038189
 3.109500 0.038453
 3.111000 0.038762
 3.112500 0.039144
 3.114000 0.039598
 3.115500 0.040038
 3.117000 0.040334
 3.118500 0.040386
 3.120000 0.040200
 3.121500 0.039876
 3.123000 0.039526
 3.124500 0.039202
 3.126000 0.038889
 3.127500 0.038543
 3.129000 0.038145
 3.130500 0.037732
 3.132000 0.037347
 3.133500 0.037010
 3.135000 0.036723
 3.136500 0.036464
 3.138000 0.036208
 3.139500 0.035938
 3.141000 0.035681
 3.142500 0.035486
 3.144000 0.035409
 3.145500 0.035463
 3.147000 0.035605
 3.148500 0.035747
 3.150000 0.035824
 3.151500 0.035823
 3.153000 0.035788
 3.154500 0.035772
 3.156000 0.035789
 3.157500 0.035796
 3.159000 0.035731
 3.160500 0.035606
 3.162000 0.035478
 3.163500 0.035419
 3.165000 0.035460
 3.166500 0.035569
 3.168000 0.035685
 3.169500 0.035743
 3.171000 0.035718
 3.172500 0.035616
 3.174000 0.035424
 3.175500 0.035155
 3.177000 0.034812
 3.178500 0.034366
 3.180000 0.033793
 3.181500 0.033093
 3.183000 0.032304
 3.184500 0.031483
 3.186000 0.030694
 3.187500 0.029942
 3.189000 0.029182
 3.190500 0.028370
 3.192000 0.027536
 3.193500 0.026760
 3.195000 0.026113
 3.196500 0.025620
 3.198000 0.025267
 3.199500 0.025002
 3.201000 0.024793
 3.202500 0.024643
 3.204000 0.024564
 3.205500 0.024559
 3.207000 0.024615
 3.208500 0.024711
 3.210000 0.024831
 3.211500 0.024966
 3.213000 0.025118
 3.214500 0.025298
 3.216000 0.025530
 3.217500 0.025837
 3.219000 0.026207
 3.220500 0.026596
 3.222000 0.026944
 3.223500 0.027225
 3.225000 0.027449
 3.226500 0.027643
 3.228000 0.027820
 3.229500 0.027970
 3.231000 0.028085
 3.232500 0.028164
 3.234000 0.028242
 3.235500 0.028367
 3.237000 0.028579
 3.238500 0.028889
 3.240000 0.029272
 3.241500 0.029691
 3.243000 0.030114
 3.244500 0.030518
 3.246000 0.030899
 3.247500 0.031266
 3.249000 0.031632
 3.250500 0.032007
 3.252000 0.032384
 3.253500 0.032748
 3.255000 0.033090
 3.256500 0.033438
 3.258000 0.033849
 3.259500 0.034354
 3.261000 0.034915
 3.262500 0.035474
 3.264000 0.035981
 3.265500 0.036440
 3.267000 0.036896
 3.268500 0.037361
 3.270000 0.037789
 3.271500 0.038117
 3.273000 0.038295
 3.274500 0.038336
 3.276000 0.038305
 3.277500 0.038276
 3.279000 0.038291
 3.280500 0.038370
 3.282000 0.038518
 3.283500 0.038743
 3.285000 0.039035
 3.286500 0.039382
 3.288000 0.039744
 3.289500 0.040101
 3.291000 0.040447
 3.292500 0.040752
 3.294000 0.040946
 3.295500 0.040985
 3.297000 0.040840
 3.298500 0.040506
 3.300000 0.040002
 3.301500 0.039351
 3.303000 0.038605
 3.304500 0.037807
 3.306000 0.036993
 3.307500 0.036248
 3.309000 0.035642
 3.310500 0.035193
 3.312000 0.034895
 3.313500 0.034715
 3.315000 0.034613
 3.316500 0.034575
 3.318000 0.034583
 3.319500 0.034635
 3.321000 0.034710
 3.322500 0.034791
 3.324000 0.034878
 3.325500 0.034988
 3.327000 0.035142
 3.328500 0.035375
 3.330000 0.035675
 3.331500 0.036005
 3.333000 0.036327
 3.334500 0.036619
 3.336000 0.036877
 3.337500 0.037112
 3.339000 0.037344
 3.340500 0.037585
 3.342000 0.037815
 3.343500 0.038002
 3.345000 0.038128
 3.346500 0.038192
 3.348000 0.038226
 3.349500 0.038268
 3.351000 0.038297
 3.352500 0.038283
 3.354000 0.038197
 3.355500 0.038065
 3.357000 0.037943
 3.358500 0.037881
 3.360000 0.037883
 3.361500 0.037916
 3.363000 0.037928
 3.364500 0.037873
 3.366000 0.037719
 3.367500 0.037497
 3.369000 0.037251
 3.370500 0.036989
 3.372000 0.036700
 3.373500 0.036383
 3.375000 0.036050
 3.376500 0.035734
 3.378000 0.035503
 3.379500 0.035428
 3.381000 0.035528
 3.382500 0.035760
 3.384000 0.036062
 3.385500 0.036370
 3.387000 0.036639
 3.388500 0.036859
 3.390000 0.037021
 3.391500 0.037115
 3.393000 0.037125
 3.394500 0.037039
 3.396000 0.036856
 3.397500 0.036609
 3.399000 0.036353
 3.400500 0.036129
 3.402000 0.035969
 3.403500 0.035866
 3.405000 0.035794
 3.406500 0.035696
 3.408000 0.035551
 3.409500 0.035366
 3.411000 0.035170
 3.412500 0.035005
 3.414000 0.034875
 3.415500 0.034731
 3.417000 0.034530
 3.418500 0.034273
 3.420000 0.034025
 3.421500 0.033865
 3.423000 0.033818
 3.424500 0.033850
 3.426000 0.033878
 3.427500 0.033844
 3.429000 0.033742
 3.430500 0.033610
 3.432000 0.033490
 3.433500 0.033392
 3.435000 0.033322
 3.436500 0.033265
 3.438000 0.033220
 3.439500 0.033190
 3.441000 0.033202
 3.442500 0.033281
 3.444000 0.033440
 3.445500 0.033664
 3.447000 0.033905
 3.448500 0.034107
 3.450000 0.034231
 3.451500 0.034245
 3.453000 0.034166
 3.454500 0.034036
 3.456000 0.033866
 3.457500 0.033635
 3.459000 0.033308
 3.460500 0.032873
 3.462000 0.032361
 3.463500 0.031828
 3.465000 0.031318
 3.466500 0.030854
 3.468000 0.030453
 3.469500 0.030126
 3.471000 0.029868
 3.472500 0.029652
 3.474000 0.029441
 3.475500 0.029215
 3.477000 0.028988
 3.478500 0.028773
 3.480000 0.028553
 3.481500 0.028304
 3.483000 0.027988
 3.484500 0.027610
 3.486000 0.027213
 3.487500 0.026839
 3.489000 0.026501
 3.490500 0.026196
 3.492000 0.025909
 3.493500 0.025611
 3.495000 0.025296
 3.496500 0.024973
 3.498000 0.024663
 3.499500 0.024382
 3.501000 0.024150
 3.502500 0.023973
 3.504000 0.023838
 3.505500 0.023729
 3.507000 0.023632
 3.508500 0.023561
 3.510000 0.023543
 3.511500 0.023578
 3.513000 0.023643
 3.514500 0.023675
 3.516000 0.023620
 3.517500 0.023471
 3.519000 0.023262
 3.520500 0.023037
 3.522000 0.022814
 3.523500 0.022567
 3.525000 0.022277
 3.526500 0.021947
 3.528000 0.021611
 3.529500 0.021313
 3.531000 0.021082
 3.532500 0.020926
 3.534000 0.020834
 3.535500 0.020782
 3.537000 0.020742
 3.538500 0.020689
 3.540000 0.020621
 3.541500 0.020553
 3.543000 0.020510
 3.544500 0.020502
 3.546000 0.020515
 3.547500 0.020521
 3.549000 0.020509
 3.550500 0.020501
 3.552000 0.020535
 3.553500 0.020644
 3.555000 0.020821
 3.556500 0.021031
 3.558000 0.021227
 3.559500 0.021391
 3.561000 0.021541
 3.562500 0.021695
 3.564000 0.021861
 3.565500 0.022030
 3.567000 0.022197
 3.568500 0.022355
 3.570000 0.022501
 3.571500 0.022637
 3.573000 0.022790
 3.574500 0.023001
 3.576000 0.023291
 3.577500 0.023642
 3.579000 0.024019
 3.580500 0.024390
 3.582000 0.024772
 3.583500 0.025206
 3.585000 0.025734
 3.586500 0.026352
 3.588000 0.026998
 3.589500 0.027601
 3.591000 0.028120
 3.592500 0.028571
 3.594000 0.029002
 3.595500 0.029473
 3.597000 0.029997
 3.598500 0.030558
 3.600000 0.031145
 3.601500 0.031746
 3.603000 0.032340
 3.604500 0.032922
 3.606000 0.033495
 3.607500 0.034065
 3.609000 0.034604
 3.610500 0.035078
 3.612000 0.035468
 3.613500 0.035759
 3.615000 0.035997
 3.616500 0.036273
 3.618000 0.036646
 3.619500 0.037112
 3.621000 0.037634
 3.622500 0.038176
 3.624000 0.038720
 3.625500 0.039281
 3.627000 0.039875
 3.628500 0.040515
 3.630000 0.041176
 3.631500 0.041826
 3.633000 0.042465
 3.634500 0.043071
 3.636000 0.043612
 3.637500 0.044071
 3.639000 0.044429
 3.640500 0.044673
 3.642000 0.044810
 3.643500 0.044847
 3.645000 0.044754
 3.646500 0.044506
 3.648000 0.044133
 3.649500 0.043715
 3.651000 0.043330
 3.652500 0.043033
 3.654000 0.042814
 3.655500 0.042647
 3.657000 0.042504
 3.658500 0.042382
 3.660000 0.042287
 3.661500 0.042213
 3.663000 0.042171
 3.664500 0.042165
 3.666000 0.042178
 3.667500 0.042159
 3.669000 0.042043
 3.670500 0.041812
 3.672000 0.041514
 3.673500 0.041226
 3.675000 0.040984
 3.676500 0.040763
 3.678000 0.040528
 3.679500 0.040229
 3.681000 0.039895
 3.682500 0.039595
 3.684000 0.039387
 3.685500 0.039290
 3.687000 0.039268
 3.688500 0.039243
 3.690000 0.039163
 3.691500 0.039025
 3.693000 0.038854
 3.694500 0.038665
 3.696000 0.038434
 3.697500 0.038135
 3.699000 0.037741
 3.700500 0.037209
 3.702000 0.036561
 3.703500 0.035879
 3.705000 0.035260
 3.706500 0.034778
 3.708000 0.034453
 3.709500 0.034232
 3.711000 0.034028
 3.712500 0.033808
 3.714000 0.033602
 3.715500 0.033468
 3.717000 0.033418
 3.718500 0.033429
 3.720000 0.033434
 3.721500 0.033362
 3.723000 0.033181
 3.724500 0.032926
 3.726000 0.032655
 3.727500 0.032425
 3.729000 0.032252
 3.730500 0.032103
 3.732000 0.031931
 3.733500 0.031697
 3.735000 0.031405
 3.736500 0.031099
 3.738000 0.030840
 3.739500 0.030648
 3.741000 0.030517
 3.742500 0.030408
 3.744000 0.030286
 3.745500 0.030148
 3.747000 0.030034
 3.748500 0.029990
 3.750000 0.030012
 3.751500 0.030069
 3.753000 0.030131
 3.754500 0.030174
 3.756000 0.030196
 3.757500 0.030209
 3.759000 0.030241
 3.760500 0.030293
 3.762000 0.030360
 3.763500 0.030445
 3.765000 0.030527
 3.766500 0.030579
 3.768000 0.030598
 3.769500 0.030626
 3.771000 0.030697
 3.772500 0.030833
 3.774000 0.031027
 3.775500 0.031252
 3.777000 0.031462
 3.778500 0.031661
 3.780000 0.031872
 3.781500 0.032128
 3.783000 0.032443
 3.784500 0.032817
 3.786000 0.033203
 3.787500 0.033535
 3.789000 0.033797
 3.790500 0.034007
 3.792000 0.034237
 3.793500 0.034524
 3.795000 0.034888
 3.796500 0.035313
 3.798000 0.035758
 3.799500 0.036188
 3.801000 0.036583
 3.802500 0.036947
 3.804000 0.037290
 3.805500 0.037617
 3.807000 0.037905
 3.808500 0.038100
 3.810000 0.038153
 3.811500 0.038087
 3.813000 0.037958
 3.814500 0.037847
 3.816000 0.037759
 3.817500 0.037657
 3.819000 0.037497
 3.820500 0.037249
 3.822000 0.036928
 3.823500 0.036556
 3.825000 0.036163
 3.826500 0.035781
 3.828000 0.035432
 3.829500 0.035127
 3.831000 0.034862
 3.832500 0.034636
 3.834000 0.034468
 3.835500 0.034379
 3.837000 0.034367
 3.838500 0.034417
 3.840000 0.034485
 3.841500 0.034539
 3.843000 0.034556
 3.844500 0.034536
 3.846000 0.034502
 3.847500 0.034491
 3.849000 0.034521
 3.850500 0.034587
 3.852000 0.034662
 3.853500 0.034716
 3.855000 0.034759
 3.856500 0.034815
 3.858000 0.034891
 3.859500 0.034947
 3.861000 0.034950
 3.862500 0.034907
 3.864000 0.034851
 3.865500 0.034826
 3.867000 0.034841
 3.868500 0.034898
 3.870000 0.035008
 3.871500 0.035203
 3.873000 0.035505
 3.874500 0.035888
 3.876000 0.036277
 3.877500 0.036612
 3.879000 0.036899
 3.880500 0.037163
 3.882000 0.037416
 3.883500 0.037650
 3.885000 0.037838
 3.886500 0.037967
 3.888000 0.038081
 3.889500 0.038242
 3.891000 0.038484
 3.892500 0.038802
 3.894000 0.039157
 3.895500 0.039508
 3.897000 0.039827
 3.898500 0.040104
 3.900000 0.040355
 3.901500 0.040572
 3.903000 0.040739
 3.904500 0.040862
 3.906000 0.040950
 3.907500 0.041017
 3.909000 0.041050
 3.910500 0.041027
 3.912000 0.040963
 3.913500 0.040886
 3.915000 0.040824
 3.916500 0.040780
 3.918000 0.040719
 3.919500 0.040642
 3.921000 0.040573
 3.922500 0.040553
 3.924000 0.040550
 3.925500 0.040528
 3.927000 0.040423
 3.928500 0.040226
 3.930000 0.039925
 3.931500 0.039508
 3.933000 0.039005
 3.934500 0.038421
 3.936000 0.037767
 3.937500 0.037096
 3.939000 0.036467
 3.940500 0.035929
 3.942000 0.035490
 3.943500 0.035146
 3.945000 0.034888
 3.946500 0.034687
 3.948000 0.034513
 3.949500 0.034334
 3.951000 0.034093
 3.952500 0.033778
 3.954000 0.033402
 3.955500 0.032995
 3.957000 0.032570
 3.958500 0.032141
 3.960000 0.031723
 3.961500 0.031357
 3.963000 0.031066
 3.964500 0.030851
 3.966000 0.030679
 3.967500 0.030517
 3.969000 0.030375
 3.970500 0.030267
 3.972000 0.030183
 3.973500 0.030099
 3.975000 0.029983
 3.976500 0.029845
 3.978000 0.029753
 3.979500 0.029763
 3.981000 0.029878
 3.982500 0.030046
 3.984000 0.030207
 3.985500 0.030354
 3.987000 0.030529
 3.988500 0.030776
 3.990000 0.031095
 3.991500 0.031439
 3.993000 0.031782
 3.994500 0.032135
 3.996000 0.032519
 3.997500 0.032945
 3.999000 0.033380
 4.000500 0.033774
 4.002000 0.034110
 4.003500 0.034386
 4.005000 0.034574
 4.006500 0.034621
 4.008000 0.034517
 4.009500 0.034318
 4.011000 0.034099
 4.012500 0.033908
 4.014000 0.033758
 4.015500 0.033635
 4.017000 0.033516
 4.018500 0.033417
 4.020000 0.033386
 4.021500 0.033436
 4.023000 0.033536
 4.024500 0.033625
 4.026000 0.033656
 4.027500 0.033619
 4.029000 0.033529
 4.030500 0.033411
 4.032000 0.033252
 4.033500 0.033032
 4.035000 0.032758
 4.036500 0.032443
 4.038000 0.032097
 4.039500 0.031737
 4.041000 0.031373
 4.042500 0.031022
 4.044000 0.030718
 4.045500 0.030480
 4.047000 0.030279
 4.048500 0.030059
 4.050000 0.029788
 4.051500 0.029493
 4.053000 0.029224
 4.054500 0.029024
 4.056000 0.028898
 4.057500 0.028820
 4.059000 0.028778
 4.060500 0.028785
 4.062000 0.028850
 4.063500 0.028974
 4.065000 0.029130
 4.066500 0.029285
 4.068000 0.029429
 4.069500 0.029566
 4.071000 0.029689
 4.072500 0.029776
 4.074000 0.029810
 4.075500 0.029797
 4.077000 0.029758
 4.078500 0.029709
 4.080000 0.029662
 4.081500 0.029589
 4.083000 0.029480
 4.084500 0.029365
 4.086000 0.029284
 4.087500 0.029258
 4.089000 0.029275
 4.090500 0.029313
 4.092000 0.029354
 4.093500 0.029399
 4.095000 0.029455
 4.096500 0.029526
 4.098000 0.029582
 4.099500 0.029619
 4.101000 0.029669
 4.102500 0.029749
 4.104000 0.029866
 4.105500 0.030012
 4.107000 0.030190
 4.108500 0.030423
 4.110000 0.030737
 4.111500 0.031151
 4.113000 0.031634
 4.114500 0.032138
 4.116000 0.032650
 4.117500 0.033196
 4.119000 0.033786
 4.120500 0.034410
 4.122000 0.035031
 4.123500 0.035630
 4.125000 0.036208
 4.126500 0.036777
 4.128000 0.037349
 4.129500 0.037919
 4.131000 0.038475
 4.132500 0.039032
 4.134000 0.039629
 4.135500 0.040278
 4.137000 0.040980
 4.138500 0.041710
 4.140000 0.042449
 4.141500 0.043199
 4.143000 0.043945
 4.144500 0.044656
 4.146000 0.045274
 4.147500 0.045755
 4.149000 0.046104
 4.150500 0.046349
 4.152000 0.046494
 4.153500 0.046546
 4.155000 0.046501
 4.156500 0.046383
 4.158000 0.046248
 4.159500 0.046167
 4.161000 0.046156
 4.162500 0.046204
 4.164000 0.046279
 4.165500 0.046387
 4.167000 0.046541
 4.168500 0.046723
 4.170000 0.046884
 4.171500 0.046945
 4.173000 0.046855
 4.174500 0.046652
 4.176000 0.046401
 4.177500 0.046125
 4.179000 0.045832
 4.180500 0.045482
 4.182000 0.045075
 4.183500 0.044632
 4.185000 0.044171
 4.186500 0.043666
 4.188000 0.043094
 4.189500 0.042451
 4.191000 0.041757
 4.192500 0.041020
 4.194000 0.040220
 4.195500 0.039346
 4.197000 0.038413
 4.198500 0.037478
 4.200000 0.036602
 4.201500 0.035791
 4.203000 0.035025
 4.204500 0.034288
 4.206000 0.033600
 4.207500 0.033001
 4.209000 0.032519
 4.210500 0.032139
 4.212000 0.031817
 4.213500 0.031526
 4.215000 0.031269
 4.216500 0.031051
 4.218000 0.030836
 4.219500 0.030581
 4.221000 0.030252
 4.222500 0.029855
 4.224000 0.029412
 4.225500 0.028947
 4.227000 0.028463
 4.228500 0.027968
 4.230000 0.027483
 4.231500 0.027047
 4.233000 0.026681
 4.234500 0.026383
 4.236000 0.026134
 4.237500 0.025908
 4.239000 0.025698
 4.240500 0.025499
 4.242000 0.025302
 4.243500 0.025080
 4.245000 0.024823
 4.246500 0.024540
 4.248000 0.024263
 4.249500 0.024023
 4.251000 0.023829
 4.252500 0.023672
 4.254000 0.023542
 4.255500 0.023436
 4.257000 0.023357
 4.258500 0.023303
 4.260000 0.023268
 4.261500 0.023236
 4.263000 0.023193
 4.264500 0.023147
 4.266000 0.023110
 4.267500 0.023092
 4.269000 0.023093
 4.270500 0.023116
 4.272000 0.023168
 4.273500 0.023256
 4.275000 0.023383
 4.276500 0.023539
 4.278000 0.023707
 4.279500 0.023881
 4.281000 0.024072
 4.282500 0.024295
 4.284000 0.024549
 4.285500 0.024819
 4.287000 0.025087
 4.288500 0.025351
 4.290000 0.025636
 4.291500 0.025970
 4.293000 0.026366
 4.294500 0.026814
 4.296000 0.027308
 4.297500 0.027841
 4.299000 0.028404
 4.300500 0.028981
 4.302000 0.029567
 4.303500 0.030156
 4.305000 0.030754
 4.306500 0.031382
 4.308000 0.032027
 4.309500 0.032675
 4.311000 0.033313
 4.312500 0.033952
 4.314000 0.034619
 4.315500 0.035304
 4.317000 0.035983
 4.318500 0.036622
 4.320000 0.037189
 4.321500 0.037695
 4.323000 0.038182
 4.324500 0.038681
 4.326000 0.039224
 4.327500 0.039811
 4.329000 0.040445
 4.330500 0.041146
 4.332000 0.041893
 4.333500 0.042673
 4.335000 0.043462
 4.336500 0.044199
 4.338000 0.044838
 4.339500 0.045356
 4.341000 0.045757
 4.342500 0.046042
 4.344000 0.046234
 4.345500 0.046360
 4.347000 0.046445
 4.348500 0.046480
 4.350000 0.046455
 4.351500 0.046394
 4.353000 0.046284
 4.354500 0.046144
 4.356000 0.045959
 4.357500 0.045716
 4.359000 0.045388
 4.360500 0.044970
 4.362000 0.044507
 4.363500 0.044054
 4.365000 0.043640
 4.366500 0.043257
 4.368000 0.042877
 4.369500 0.042461
 4.371000 0.042011
 4.372500 0.041569
 4.374000 0.041170
 4.375500 0.040835
 4.377000 0.040564
 4.378500 0.040372
 4.380000 0.040266
 4.381500 0.040227
 4.383000 0.040248
 4.384500 0.040309
 4.386000 0.040383
 4.387500 0.040459
 4.389000 0.040531
 4.390500 0.040583
 4.392000 0.040594
 4.393500 0.040554
 4.395000 0.040485
 4.396500 0.040418
 4.398000 0.040352
 4.399500 0.040284
 4.401000 0.040189
 4.402500 0.040059
 4.404000 0.039900
 4.405500 0.039731
 4.407000 0.039574
 4.408500 0.039414
 4.410000 0.039215
 4.411500 0.038961
 4.413000 0.038643
 4.414500 0.038268
 4.416000 0.037886
 4.417500 0.037534
 4.419000 0.037216
 4.420500 0.036935
 4.422000 0.036705
 4.423500 0.036534
 4.425000 0.036413
 4.426500 0.036341
 4.428000 0.036322
 4.429500 0.036342
 4.431000 0.036379
 4.432500 0.036410
 4.434000 0.036405
 4.435500 0.036348
 4.437000 0.036266
 4.438500 0.036186
 4.440000 0.036108
 4.441500 0.036019
 4.443000 0.035924
 4.444500 0.035859
 4.446000 0.035852
 4.447500 0.035924
 4.449000 0.036085
 4.450500 0.036309
 4.452000 0.036541
 4.453500 0.036745
 4.455000 0.036916
 4.456500 0.037050
 4.458000 0.037127
 4.459500 0.037136
 4.461000 0.037059
 4.462500 0.036869
 4.464000 0.036588
 4.465500 0.036263
 4.467000 0.035933
 4.468500 0.035641
 4.470000 0.035419
 4.471500 0.035272
 4.473000 0.035172
 4.474500 0.035087
 4.476000 0.035066
 4.477500 0.035149
 4.479000 0.035343
 4.480500 0.035602
 4.482000 0.035853
 4.483500 0.036026
 4.485000 0.036108
 4.486500 0.036143
 4.488000 0.036180
 4.489500 0.036211
 4.491000 0.036201
 4.492500 0.036128
 4.494000 0.036002
 4.495500 0.035853
 4.497000 0.035726
 4.498500 0.035660
 4.500000 0.035668
 4.501500 0.035758
 4.503000 0.035931
 4.504500 0.036165
 4.506000 0.036420
 4.507500 0.036666
 4.509000 0.036907
 4.510500 0.037138
 4.512000 0.037344
 4.513500 0.037500
 4.515000 0.037574
 4.516500 0.037533
 4.518000 0.037411
 4.519500 0.037274
 4.521000 0.037158
 4.522500 0.037081
 4.524000 0.037019
 4.525500 0.036958
 4.527000 0.036881
 4.528500 0.036799
 4.530000 0.036737
 4.531500 0.036685
 4.533000 0.036608
 4.534500 0.036491
 4.536000 0.036345
 4.537500 0.036210
 4.539000 0.036093
 4.540500 0.036000
 4.542000 0.035937
 4.543500 0.035907
 4.545000 0.035905
 4.546500 0.035906
 4.548000 0.035891
 4.549500 0.035831
 4.551000 0.035735
 4.552500 0.035597
 4.554000 0.035412
 4.555500 0.035174
 4.557000 0.034885
 4.558500 0.034562
 4.560000 0.034245
 4.561500 0.033955
 4.563000 0.033701
 4.564500 0.033464
 4.566000 0.033239
 4.567500 0.033038
 4.569000 0.032877
 4.570500 0.032748
 4.572000 0.032629
 4.573500 0.032499
 4.575000 0.032352
 4.576500 0.032198
 4.578000 0.032047
 4.579500 0.031889
 4.581000 0.031683
 4.582500 0.031412
 4.584000 0.031097
 4.585500 0.030762
 4.587000 0.030417
 4.588500 0.030071
 4.590000 0.029737
 4.591500 0.029448
 4.593000 0.029229
 4.594500 0.029090
 4.596000 0.029018
 4.597500 0.028983
 4.599000 0.028968
 4.600500 0.028977
 4.602000 0.029011
 4.603500 0.029040
 4.605000 0.029016
 4.606500 0.028912
 4.608000 0.028745
 4.609500 0.028546
 4.611000 0.028347
 4.612500 0.028156
 4.614000 0.027957
 4.615500 0.027747
 4.617000 0.027553
 4.618500 0.027395
 4.620000 0.027270
 4.621500 0.027158
 4.623000 0.027052
 4.624500 0.026954
 4.626000 0.026869
 4.627500 0.026807
 4.629000 0.026776
 4.630500 0.026780
 4.632000 0.026832
 4.633500 0.026950
 4.635000 0.027140
 4.636500 0.027390
 4.638000 0.027682
 4.639500 0.028018
 4.641000 0.028382
 4.642500 0.028739
 4.644000 0.029062
 4.645500 0.029318
 4.647000 0.029495
 4.648500 0.029597
 4.650000 0.029636
 4.651500 0.029622
 4.653000 0.029546
 4.654500 0.029407
 4.656000 0.029233
 4.657500 0.029063
 4.659000 0.028907
 4.660500 0.028769
 4.662000 0.028651
 4.663500 0.028566
 4.665000 0.028523
 4.666500 0.028522
 4.668000 0.028547
 4.669500 0.028560
 4.671000 0.028554
 4.672500 0.028553
 4.674000 0.028565
 4.675500 0.028573
 4.677000 0.028555
 4.678500 0.028493
 4.680000 0.028387
 4.681500 0.028273
 4.683000 0.028198
 4.684500 0.028174
 4.686000 0.028190
 4.687500 0.028250
 4.689000 0.028370
 4.690500 0.028562
 4.692000 0.028814
 4.693500 0.029101
 4.695000 0.029373
 4.696500 0.029577
 4.698000 0.029703
 4.699500 0.029760
 4.701000 0.029758
 4.702500 0.029714
 4.704000 0.029637
 4.705500 0.029551
 4.707000 0.029482
 4.708500 0.029450
 4.710000 0.029459
 4.711500 0.029515
 4.713000 0.029628
 4.714500 0.029803
 4.716000 0.030011
 4.717500 0.030215
 4.719000 0.030393
 4.720500 0.030561
 4.722000 0.030768
 4.723500 0.031061
 4.725000 0.031421
 4.726500 0.031802
 4.728000 0.032157
 4.729500 0.032479
 4.731000 0.032806
 4.732500 0.033173
 4.734000 0.033581
 4.735500 0.034003
 4.737000 0.034405
 4.738500 0.034779
 4.740000 0.035158
 4.741500 0.035572
 4.743000 0.036047
 4.744500 0.036578
 4.746000 0.037133
 4.747500 0.037676
 4.749000 0.038165
 4.750500 0.038542
 4.752000 0.038761
 4.753500 0.038847
 4.755000 0.038864
 4.756500 0.038847
 4.758000 0.038809
 4.759500 0.038735
 4.761000 0.038632
 4.762500 0.038531
 4.764000 0.038491
 4.765500 0.038524
 4.767000 0.038568
 4.768500 0.038530
 4.770000 0.038358
 4.771500 0.038033
 4.773000 0.037563
 4.774500 0.036998
 4.776000 0.036377
 4.777500 0.035740
 4.779000 0.035114
 4.780500 0.034544
 4.782000 0.034041
 4.783500 0.033621
 4.785000 0.033293
 4.786500 0.033063
 4.788000 0.032925
 4.789500 0.032848
 4.791000 0.032777
 4.792500 0.032678
 4.794000 0.032541
 4.795500 0.032390
 4.797000 0.032245
 4.798500 0.032098
 4.800000 0.031910
 4.801500 0.031650
 4.803000 0.031318
 4.804500 0.030940
 4.806000 0.030558
 4.807500 0.030188
 4.809000 0.029828
 4.810500 0.029496
 4.812000 0.029234
 4.813500 0.029087
 4.815000 0.029078
 4.816500 0.029196
 4.818000 0.029421
 4.819500 0.029744
 4.821000 0.030144
 4.822500 0.030596
 4.824000 0.031032
 4.825500 0.031394
 4.827000 0.031659
 4.828500 0.031857
 4.830000 0.032020
 4.831500 0.032175
 4.833000 0.032319
 4.834500 0.032449
 4.836000 0.032578
 4.837500 0.032746
 4.839000 0.032977
 4.840500 0.033247
 4.842000 0.033498
 4.843500 0.033707
 4.845000 0.033868
 4.846500 0.033995
 4.848000 0.034087
 4.849500 0.034118
 4.851000 0.034038
 4.852500 0.033848
 4.854000 0.033584
 4.855500 0.033277
 4.857000 0.032933
 4.858500 0.032558
 4.860000 0.032198
 4.861500 0.031908
 4.863000 0.031704
 4.864500 0.031567
 4.866000 0.031441
 4.867500 0.031312
 4.869000 0.031220
 4.870500 0.031222
 4.872000 0.031327
 4.873500 0.031466
 4.875000 0.031555
 4.876500 0.031550
 4.878000 0.031461
 4.879500 0.031316
 4.881000 0.031143
 4.882500 0.030965
 4.884000 0.030814
 4.885500 0.030720
 4.887000 0.030699
 4.888500 0.030758
 4.890000 0.030897
 4.891500 0.031099
 4.893000 0.031364
 4.894500 0.031664
 4.896000 0.031935
 4.897500 0.032093
 4.899000 0.032098
 4.900500 0.031994
 4.902000 0.031856
 4.903500 0.031740
 4.905000 0.031654
 4.906500 0.031565
 4.908000 0.031461
 4.909500 0.031369
 4.911000 0.031328
 4.912500 0.031344
 4.914000 0.031387
 4.915500 0.031414
 4.917000 0.031393
 4.918500 0.031317
 4.920000 0.031184
 4.921500 0.031002
 4.923000 0.030762
 4.924500 0.030505
 4.926000 0.030287
 4.927500 0.030132
 4.929000 0.030000
 4.930500 0.029851
 4.932000 0.029680
 4.933500 0.029509
 4.935000 0.029375
 4.936500 0.029291
 4.938000 0.029225
 4.939500 0.029127
 4.941000 0.028990
 4.942500 0.028839
 4.944000 0.028700
 4.945500 0.028596
 4.947000 0.028525
 4.948500 0.028470
 4.950000 0.028429
 4.951500 0.028418
 4.953000 0.028429
 4.954500 0.028440
 4.956000 0.028451
 4.957500 0.028505
 4.959000 0.028633
 4.960500 0.028836
 4.962000 0.029079
 4.963500 0.029312
 4.965000 0.029497
 4.966500 0.029660
 4.968000 0.029825
 4.969500 0.029990
 4.971000 0.030123
 4.972500 0.030170
 4.974000 0.030104
 4.975500 0.029941
 4.977000 0.029717
 4.978500 0.029484
 4.980000 0.029275
 4.981500 0.029100
 4.983000 0.028969
 4.984500 0.028868
 4.986000 0.028772
 4.987500 0.028664
 4.989000 0.028539
 4.990500 0.028428
 4.992000 0.028358
 4.993500 0.028335
 4.995000 0.028339
 4.996500 0.028339
 4.998000 0.028342
 4.999500 0.028385
 5.001000 0.028504
 5.002500 0.028695
 5.004000 0.028904
 5.005500 0.029057
 5.007000 0.029134
 5.008500 0.029151
 5.010000 0.029134
 5.011500 0.029111
 5.013000 0.029083
 5.014500 0.029043
 5.016000 0.028982
 5.017500 0.028904
 5.019000 0.028824
 5.020500 0.028770
 5.022000 0.028768
 5.023500 0.028844
 5.025000 0.028975
 5.026500 0.029100
 5.028000 0.029160
 5.029500 0.029135
 5.031000 0.029062
 5.032500 0.028993
 5.034000 0.028958
 5.035500 0.028934
 5.037000 0.028873
 5.038500 0.028752
 5.040000 0.028619
 5.041500 0.028552
 5.043000 0.028609
 5.044500 0.028812
 5.046000 0.029130
 5.047500 0.029526
 5.049000 0.029972
 5.050500 0.030459
 5.052000 0.030995
 5.053500 0.031593
 5.055000 0.032238
 5.056500 0.032879
 5.058000 0.033436
 5.059500 0.033840
 5.061000 0.034072
 5.062500 0.034159
 5.064000 0.034158
 5.065500 0.034142
 5.067000 0.034134
 5.068500 0.034126
 5.070000 0.034116
 5.071500 0.034130
 5.073000 0.034225
 5.074500 0.034454
 5.076000 0.034829
 5.077500 0.035315
 5.079000 0.035846
 5.080500 0.036359
 5.082000 0.036831
 5.083500 0.037261
 5.085000 0.037662
 5.086500 0.038026
 5.088000 0.038318
 5.089500 0.038528
 5.091000 0.038664
 5.092500 0.038744
 5.094000 0.038804
 5.095500 0.038876
 5.097000 0.038964
 5.098500 0.039060
 5.100000 0.039137
 5.101500 0.039187
 5.103000 0.039230
 5.104500 0.039269
 5.106000 0.039318
 5.107500 0.039348
 5.109000 0.039322
 5.110500 0.039247
 5.112000 0.039142
 5.113500 0.039051
 5.115000 0.039000
 5.116500 0.038987
 5.118000 0.038982
 5.119500 0.038971
 5.121000 0.038950
 5.122500 0.038928
 5.124000 0.038910
 5.125500 0.038886
 5.127000 0.038837
 5.128500 0.038732
 5.130000 0.038576
 5.131500 0.038400
 5.133000 0.038236
 5.134500 0.038130
 5.136000 0.038087
 5.137500 0.038089
 5.139000 0.038088
 5.140500 0.038070
 5.142000 0.038060
 5.143500 0.038092
 5.145000 0.038178
 5.146500 0.038310
 5.148000 0.038448
 5.149500 0.038537
 5.151000 0.038550
 5.152500 0.038502
 5.154000 0.038414
 5.155500 0.038293
 5.157000 0.038126
 5.158500 0.037902
 5.160000 0.037616
 5.161500 0.037280
 5.163000 0.036958
 5.164500 0.036715
 5.166000 0.036581
 5.167500 0.036542
 5.169000 0.036542
 5.170500 0.036526
 5.172000 0.036478
 5.173500 0.036440
 5.175000 0.036471
 5.176500 0.036589
 5.178000 0.036752
 5.179500 0.036902
 5.181000 0.036991
 5.182500 0.037021
 5.184000 0.037038
 5.185500 0.037070
 5.187000 0.037141
 5.188500 0.037246
 5.190000 0.037338
 5.191500 0.037372
 5.193000 0.037334
 5.194500 0.037252
 5.196000 0.037183
 5.197500 0.037154
 5.199000 0.037151
 5.200500 0.037100
 5.202000 0.036923
 5.203500 0.036595
 5.205000 0.036160
 5.206500 0.035675
 5.208000 0.035172
 5.209500 0.034647
 5.211000 0.034077
 5.212500 0.033445
 5.214000 0.032758
 5.215500 0.032040
 5.217000 0.031317
 5.218500 0.030622
 5.220000 0.029965
 5.221500 0.029323
 5.223000 0.028664
 5.224500 0.027987
 5.226000 0.027311
 5.227500 0.026678
 5.229000 0.026126
 5.230500 0.025652
 5.232000 0.025214
 5.233500 0.024778
 5.235000 0.024353
 5.236500 0.023980
 5.238000 0.023687
 5.239500 0.023487
 5.241000 0.023376
 5.242500 0.023324
 5.244000 0.023302
 5.245500 0.023295
 5.247000 0.023298
 5.248500 0.023316
 5.250000 0.023358
 5.251500 0.023428
 5.253000 0.023509
 5.254500 0.023578
 5.256000 0.023618
 5.257500 0.023636
 5.259000 0.023652
 5.260500 0.023692
 5.262000 0.023778
 5.263500 0.023905
 5.265000 0.024065
 5.266500 0.024256
 5.268000 0.024487
 5.269500 0.024778
 5.271000 0.025148
 5.272500 0.025594
 5.274000 0.026084
 5.275500 0.026568
 5.277000 0.027009
 5.278500 0.027392
 5.280000 0.027710
 5.281500 0.027971
 5.283000 0.028168
 5.284500 0.028308
 5.286000 0.028395
 5.287500 0.028433
 5.289000 0.028415
 5.290500 0.028337
 5.292000 0.028220
 5.293500 0.028102
 5.295000 0.028021
 5.296500 0.027955
 5.298000 0.027870
 5.299500 0.027753
 5.301000 0.027614
 5.302500 0.027504
 5.304000 0.027460
 5.305500 0.027490
 5.307000 0.027591
 5.308500 0.027746
 5.310000 0.027929
 5.311500 0.028103
 5.313000 0.028252
 5.314500 0.028394
 5.316000 0.028545
 5.317500 0.028721
 5.319000 0.028913
 5.320500 0.029098
 5.322000 0.029253
 5.323500 0.029363
 5.325000 0.029442
 5.326500 0.029496
 5.328000 0.029532
 5.329500 0.029545
 5.331000 0.029525
 5.332500 0.029459
 5.334000 0.029351
 5.335500 0.029235
 5.337000 0.029137
 5.338500 0.029070
 5.340000 0.029023
 5.341500 0.028969
 5.343000 0.028880
 5.344500 0.028730
 5.346000 0.028507
 5.347500 0.028218
 5.349000 0.027878
 5.350500 0.027508
 5.352000 0.027100
 5.353500 0.026649
 5.355000 0.026163
 5.356500 0.025688
 5.358000 0.025287
 5.359500 0.025003
 5.361000 0.024849
 5.362500 0.024797
 5.364000 0.024801
 5.365500 0.024829
 5.367000 0.024853
 5.368500 0.024856
 5.370000 0.024820
 5.371500 0.024739
 5.373000 0.024618
 5.374500 0.024471
 5.376000 0.024325
 5.377500 0.024194
 5.379000 0.024096
 5.380500 0.024057
 5.382000 0.024104
 5.383500 0.024245
 5.385000 0.024472
 5.386500 0.024751
 5.388000 0.025035
 5.389500 0.025292
 5.391000 0.025513
 5.392500 0.025709
 5.394000 0.025901
 5.395500 0.026083
 5.397000 0.026248
 5.398500 0.026365
 5.400000 0.026408
 5.401500 0.026361
 5.403000 0.026226
 5.404500 0.026005
 5.406000 0.025708
 5.407500 0.025345
 5.409000 0.024938
 5.410500 0.024521
 5.412000 0.024128
 5.413500 0.023795
 5.415000 0.023549
 5.416500 0.023398
 5.418000 0.023341
 5.419500 0.023365
 5.421000 0.023456
 5.422500 0.023587
 5.424000 0.023745
 5.425500 0.023936
 5.427000 0.024157
 5.428500 0.024402
 5.430000 0.024658
 5.431500 0.024924
 5.433000 0.025201
 5.434500 0.025501
 5.436000 0.025827
 5.437500 0.026155
 5.439000 0.026449
 5.440500 0.026666
 5.442000 0.026796
 5.443500 0.026846
 5.445000 0.026846
 5.446500 0.026814
 5.448000 0.026748
 5.449500 0.026643
 5.451000 0.026490
 5.452500 0.026291
 5.454000 0.026069
 5.455500 0.025833
 5.457000 0.025569
 5.458500 0.025276
 5.460000 0.024957
 5.461500 0.024616
 5.463000 0.024262
 5.464500 0.023911
 5.466000 0.023591
 5.467500 0.023325
 5.469000 0.023117
 5.470500 0.022954
 5.472000 0.022810
 5.473500 0.022662
 5.475000 0.022507
 5.476500 0.022347
 5.478000 0.022183
 5.479500 0.022004
 5.481000 0.021804
 5.482500 0.021594
 5.484000 0.021393
 5.485500 0.021222
 5.487000 0.021092
 5.488500 0.021002
 5.490000 0.020940
 5.491500 0.020900
 5.493000 0.020861
 5.494500 0.020801
 5.496000 0.020698
 5.497500 0.020542
 5.499000 0.020348
 5.500500 0.020139
 5.502000 0.019937
 5.503500 0.019756
 5.505000 0.019603
 5.506500 0.019484
 5.508000 0.019415
 5.509500 0.019408
 5.511000 0.019476
 5.512500 0.019620
 5.514000 0.019835
 5.515500 0.020111
 5.517000 0.020433
 5.518500 0.020779
 5.520000 0.021133
 5.521500 0.021489
 5.523000 0.021843
 5.524500 0.022188
 5.526000 0.022505
 5.527500 0.022761
 5.529000 0.022920
 5.530500 0.022975
 5.532000 0.022959
 5.533500 0.022913
 5.535000 0.022857
 5.536500 0.022788
 5.538000 0.022678
 5.539500 0.022519
 5.541000 0.022338
 5.542500 0.022166
 5.544000 0.022020
 5.545500 0.021885
 5.547000 0.021740
 5.548500 0.021575
 5.550000 0.021391
 5.551500 0.021209
 5.553000 0.021054
 5.554500 0.020939
 5.556000 0.020879
 5.557500 0.020889
 5.559000 0.020967
 5.560500 0.021087
 5.562000 0.021221
 5.563500 0.021363
 5.565000 0.021523
 5.566500 0.021698
 5.568000 0.021858
 5.569500 0.021983
 5.571000 0.022063
 5.572500 0.022123
 5.574000 0.022191
 5.575500 0.022280
 5.577000 0.022382
 5.578500 0.022482
 5.580000 0.022588
 5.581500 0.022711
 5.583000 0.022852
 5.584500 0.022989
 5.586000 0.023078
 5.587500 0.023092
 5.589000 0.023025
 5.590500 0.022897
 5.592000 0.022735
 5.593500 0.022564
 5.595000 0.022393
 5.596500 0.022238
 5.598000 0.022113
 5.599500 0.022026
 5.601000 0.021985
 5.602500 0.021983
 5.604000 0.021997
 5.605500 0.022002
 5.607000 0.021968
 5.608500 0.021879
 5.610000 0.021741
 5.611500 0.021576
 5.613000 0.021423
 5.614500 0.021326
 5.616000 0.021289
 5.617500 0.021295
 5.619000 0.021307
 5.620500 0.021309
 5.622000 0.021302
 5.623500 0.021300
 5.625000 0.021313
 5.626500 0.021334
 5.628000 0.021351
 5.629500 0.021372
 5.631000 0.021410
 5.632500 0.021481
 5.634000 0.021587
 5.635500 0.021728
 5.637000 0.021900
 5.638500 0.022104
 5.640000 0.022335
 5.641500 0.022577
 5.643000 0.022815
 5.644500 0.023036
 5.646000 0.023237
 5.647500 0.023409
 5.649000 0.023536
 5.650500 0.023606
 5.652000 0.023619
 5.653500 0.023574
 5.655000 0.023489
 5.656500 0.023369
 5.658000 0.023215
 5.659500 0.023029
 5.661000 0.022828
 5.662500 0.022635
 5.664000 0.022475
 5.665500 0.022359
 5.667000 0.022281
 5.668500 0.022221
 5.670000 0.022168
 5.671500 0.022123
 5.673000 0.022063
 5.674500 0.021960
 5.676000 0.021783
 5.677500 0.021523
 5.679000 0.021203
 5.680500 0.020855
 5.682000 0.020510
 5.683500 0.020190
 5.685000 0.019906
 5.686500 0.019671
 5.688000 0.019493
 5.689500 0.019363
 5.691000 0.019263
 5.692500 0.019172
 5.694000 0.019080
 5.695500 0.018987
 5.697000 0.018894
 5.698500 0.018790
 5.700000 0.018657
 5.701500 0.018484
 5.703000 0.018288
 5.704500 0.018102
 5.706000 0.017949
 5.707500 0.017831
 5.709000 0.017738
 5.710500 0.017657
 5.712000 0.017579
 5.713500 0.017503
 5.715000 0.017434
 5.716500 0.017377
 5.718000 0.017334
 5.719500 0.017305
 5.721000 0.017281
 5.722500 0.017235
 5.724000 0.017151
 5.725500 0.017034
 5.727000 0.016904
 5.728500 0.016779
 5.730000 0.016653
 5.731500 0.016510
 5.733000 0.016333
 5.734500 0.016127
 5.736000 0.015919
 5.737500 0.015744
 5.739000 0.015621
 5.740500 0.015552
 5.742000 0.015524
 5.743500 0.015525
 5.745000 0.015561
 5.746500 0.015642
 5.748000 0.015776
 5.749500 0.015951
 5.751000 0.016148
 5.752500 0.016351
 5.754000 0.016557
 5.755500 0.016766
 5.757000 0.016977
 5.758500 0.017182
 5.760000 0.017382
 5.761500 0.017588
 5.763000 0.017814
 5.764500 0.018050
 5.766000 0.018279
 5.767500 0.018481
 5.769000 0.018659
 5.770500 0.018831
 5.772000 0.019005
 5.773500 0.019169
 5.775000 0.019298
 5.776500 0.019384
 5.778000 0.019442
 5.779500 0.019493
 5.781000 0.019553
 5.782500 0.019635
 5.784000 0.019747
 5.785500 0.019901
 5.787000 0.020104
 5.788500 0.020341
 5.790000 0.020586
 5.791500 0.020813
 5.793000 0.021026
 5.794500 0.021244
 5.796000 0.021447
 5.797500 0.021599
 5.799000 0.021669
 5.800500 0.021658
 5.802000 0.021597
 5.803500 0.021532
 5.805000 0.021479
 5.806500 0.021428
 5.808000 0.021373
 5.809500 0.021318
 5.811000 0.021275
 5.812500 0.021251
 5.814000 0.021245
 5.815500 0.021264
 5.817000 0.021314
 5.818500 0.021403
 5.820000 0.021531
 5.821500 0.021663
 5.823000 0.021779
 5.824500 0.021886
 5.826000 0.022013
 5.827500 0.022187
 5.829000 0.022403
 5.830500 0.022617
 5.832000 0.022782
 5.833500 0.022876
 5.835000 0.022923
 5.836500 0.022963
 5.838000 0.023026
 5.839500 0.023117
 5.841000 0.023215
 5.842500 0.023288
 5.844000 0.023320
 5.845500 0.023316
 5.847000 0.023301
 5.848500 0.023302
 5.850000 0.023322
 5.851500 0.023349
 5.853000 0.023357
 5.854500 0.023332
 5.856000 0.023267
 5.857500 0.023171
 5.859000 0.023075
 5.860500 0.022993
 5.862000 0.022913
 5.863500 0.022817
 5.865000 0.022684
 5.866500 0.022524
 5.868000 0.022379
 5.869500 0.022292
 5.871000 0.022271
 5.872500 0.022296
 5.874000 0.022333
 5.875500 0.022374
 5.877000 0.022438
 5.878500 0.022562
 5.880000 0.022758
 5.881500 0.023003
 5.883000 0.023264
 5.884500 0.023514
 5.886000 0.023716
 5.887500 0.023851
 5.889000 0.023930
 5.890500 0.023984
 5.892000 0.024053
 5.893500 0.024156
 5.895000 0.024283
 5.896500 0.024411
 5.898000 0.024536
 5.899500 0.024683
 5.901000 0.024881
 5.902500 0.025152
 5.904000 0.025489
 5.905500 0.025865
 5.907000 0.026259
 5.908500 0.026671
 5.910000 0.027123
 5.911500 0.027603
 5.913000 0.028105
 5.914500 0.028602
 5.916000 0.029081
 5.917500 0.029523
 5.919000 0.029900
 5.920500 0.030180
 5.922000 0.030337
 5.923500 0.030391
 5.925000 0.030396
 5.926500 0.030364
 5.928000 0.030294
 5.929500 0.030181
 5.931000 0.030023
 5.932500 0.029841
 5.934000 0.029679
 5.935500 0.029544
 5.937000 0.029409
 5.938500 0.029251
 5.940000 0.029056
 5.941500 0.028829
 5.943000 0.028583
 5.944500 0.028344
 5.946000 0.028129
 5.947500 0.027948
 5.949000 0.027805
 5.950500 0.027697
 5.952000 0.027596
 5.953500 0.027467
 5.955000 0.027298
 5.956500 0.027095
 5.958000 0.026888
 5.959500 0.026699
 5.961000 0.026525
 5.962500 0.026340
 5.964000 0.026134
 5.965500 0.025919
 5.967000 0.025730
 5.968500 0.025600
 5.970000 0.025537
 5.971500 0.025508
 5.973000 0.025475
 5.974500 0.025425
 5.976000 0.025364
 5.977500 0.025297
 5.979000 0.025227
 5.980500 0.025142
 5.982000 0.025030
 5.983500 0.024889
 5.985000 0.024726
 5.986500 0.024554
 5.988000 0.024378
 5.989500 0.024232
 5.991000 0.024151
 5.992500 0.024133
 5.994000 0.024141
 5.995500 0.024127
 5.997000 0.024065
 5.998500 0.023964
 6.000000 0.023858
 6.001500 0.023767
 6.003000 0.023671
 6.004500 0.023546
 6.006000 0.023397
 6.007500 0.023246
 6.009000 0.023110
 6.010500 0.023001
 6.012000 0.022919
 6.013500 0.022844
 6.015000 0.022765
 6.016500 0.022677
 6.018000 0.022562
 6.019500 0.022404
 6.021000 0.022210
 6.022500 0.022000
 6.024000 0.021792
 6.025500 0.021593
 6.027000 0.021409
 6.028500 0.021232
 6.030000 0.021061
 6.031500 0.020905
 6.033000 0.020764
 6.034500 0.020634
 6.036000 0.020519
 6.037500 0.020417
 6.039000 0.020324
 6.040500 0.020246
 6.042000 0.020196
 6.043500 0.020169
 6.045000 0.020148
 6.046500 0.020123
 6.048000 0.020093
 6.049500 0.020061
 6.051000 0.020034
 6.052500 0.020004
 6.054000 0.019954
 6.055500 0.019886
 6.057000 0.019820
 6.058500 0.019772
 6.060000 0.019746
 6.061500 0.019730
 6.063000 0.019708
 6.064500 0.019679
 6.066000 0.019637
 6.067500 0.019577
 6.069000 0.019488
 6.070500 0.019374
 6.072000 0.019261
 6.073500 0.019170
 6.075000 0.019104
 6.076500 0.019051
 6.078000 0.019002
 6.079500 0.018958
 6.081000 0.018947
 6.082500 0.019001
 6.084000 0.019127
 6.085500 0.019300
 6.087000 0.019499
 6.088500 0.019716
 6.090000 0.019946
 6.091500 0.020191
 6.093000 0.020450
 6.094500 0.020706
 6.096000 0.020947
 6.097500 0.021162
 6.099000 0.021338
 6.100500 0.021464
 6.102000 0.021533
 6.103500 0.021562
 6.105000 0.021573
 6.106500 0.021578
 6.108000 0.021579
 6.109500 0.021557
 6.111000 0.021494
 6.112500 0.021410
 6.114000 0.021356
 6.115500 0.021366
 6.117000 0.021435
 6.118500 0.021537
 6.120000 0.021642
 6.121500 0.021741
 6.123000 0.021849
 6.124500 0.021979
 6.126000 0.022124
 6.127500 0.022255
 6.129000 0.022363
 6.130500 0.022459
 6.132000 0.022558
 6.133500 0.022679
 6.135000 0.022840
 6.136500 0.023049
 6.138000 0.023308
 6.139500 0.023596
 6.141000 0.023887
 6.142500 0.024159
 6.144000 0.024423
 6.145500 0.024717
 6.147000 0.025070
 6.148500 0.025468
 6.150000 0.025867
 6.151500 0.026251
 6.153000 0.026644
 6.154500 0.027092
 6.156000 0.027599
 6.157500 0.028130
 6.159000 0.028630
 6.160500 0.029058
 6.162000 0.029409
 6.163500 0.029704
 6.165000 0.029945
 6.166500 0.030137
 6.168000 0.030280
 6.169500 0.030378
 6.171000 0.030438
 6.172500 0.030466
 6.174000 0.030471
 6.175500 0.030479
 6.177000 0.030527
 6.178500 0.030643
 6.180000 0.030832
 6.181500 0.031060
 6.183000 0.031291
 6.184500 0.031506
 6.186000 0.031714
 6.187500 0.031939
 6.189000 0.032173
 6.190500 0.032398
 6.192000 0.032595
 6.193500 0.032790
 6.195000 0.033045
 6.196500 0.033384
 6.198000 0.033786
 6.199500 0.034210
 6.201000 0.034618
 6.202500 0.035021
 6.204000 0.035431
 6.205500 0.035840
 6.207000 0.036191
 6.208500 0.036432
 6.210000 0.036542
 6.211500 0.036550
 6.213000 0.036509
 6.214500 0.036441
 6.216000 0.036320
 6.217500 0.036099
 6.219000 0.035778
 6.220500 0.035413
 6.222000 0.035063
 6.223500 0.034754
 6.225000 0.034477
 6.226500 0.034217
 6.228000 0.033967
 6.229500 0.033739
 6.231000 0.033558
 6.232500 0.033422
 6.234000 0.033314
 6.235500 0.033224
 6.237000 0.033145
 6.238500 0.033047
 6.240000 0.032896
 6.241500 0.032664
 6.243000 0.032350
 6.244500 0.031989
 6.246000 0.031624
 6.247500 0.031272
 6.249000 0.030918
 6.250500 0.030547
 6.252000 0.030169
 6.253500 0.029814
 6.255000 0.029494
 6.256500 0.029204
 6.258000 0.028900
 6.259500 0.028575
 6.261000 0.028264
 6.262500 0.027995
 6.264000 0.027770
 6.265500 0.027576
 6.267000 0.027405
 6.268500 0.027270
 6.270000 0.027184
 6.271500 0.027136
 6.273000 0.027102
 6.274500 0.027071
 6.276000 0.027048
 6.277500 0.027039
 6.279000 0.027027
 6.280500 0.026986
 6.282000 0.026904
 6.283500 0.026792
 6.285000 0.026689
 6.286500 0.026622
 6.288000 0.026570
 6.289500 0.026499
 6.291000 0.026394
 6.292500 0.026284
 6.294000 0.026209
 6.295500 0.026183
 6.297000 0.026178
 6.298500 0.026152
 6.300000 0.026078
 6.301500 0.025966
 6.303000 0.025841
 6.304500 0.025720
 6.306000 0.025612
 6.307500 0.025510
 6.309000 0.025408
 6.310500 0.025313
 6.312000 0.025243
 6.313500 0.025207
 6.315000 0.025214
 6.316500 0.025270
 6.318000 0.025383
 6.319500 0.025552
 6.321000 0.025762
 6.322500 0.025995
 6.324000 0.026237
 6.325500 0.026502
 6.327000 0.026821
 6.328500 0.027189
 6.330000 0.027573
 6.331500 0.027923
 6.333000 0.028209
 6.334500 0.028446
 6.336000 0.028671
 6.337500 0.028906
 6.339000 0.029137
 6.340500 0.029335
 6.342000 0.029492
 6.343500 0.029617
 6.345000 0.029732
 6.346500 0.029852
 6.348000 0.029979
 6.349500 0.030086
 6.351000 0.030156
 6.352500 0.030173
 6.354000 0.030133
 6.355500 0.030048
 6.357000 0.029951
 6.358500 0.029884
 6.360000 0.029857
 6.361500 0.029860
 6.363000 0.029866
 6.364500 0.029850
 6.366000 0.029834
 6.367500 0.029850
 6.369000 0.029905
 6.370500 0.029977
 6.372000 0.030027
 6.373500 0.030030
 6.375000 0.030006
 6.376500 0.030002
 6.378000 0.030040
 6.379500 0.030108
 6.381000 0.030170
 6.382500 0.030198
 6.384000 0.030182
 6.385500 0.030110
 6.387000 0.029995
 6.388500 0.029858
 6.390000 0.029723
 6.391500 0.029623
 6.393000 0.029575
 6.394500 0.029563
 6.396000 0.029577
 6.397500 0.029623
 6.399000 0.029723
 6.400500 0.029874
 6.402000 0.030048
 6.403500 0.030188
 6.405000 0.030242
 6.406500 0.030206
 6.408000 0.030122
 6.409500 0.030051
 6.411000 0.030020
 6.412500 0.030025
 6.414000 0.030054
 6.415500 0.030111
 6.417000 0.030216
 6.418500 0.030382
 6.420000 0.030607
 6.421500 0.030866
 6.423000 0.031118
 6.424500 0.031324
 6.426000 0.031458
 6.427500 0.031509
 6.429000 0.031485
 6.430500 0.031407
 6.432000 0.031295
 6.433500 0.031145
 6.435000 0.030952
 6.436500 0.030718
 6.438000 0.030473
 6.439500 0.030275
 6.441000 0.030168
 6.442500 0.030165
 6.444000 0.030233
 6.445500 0.030322
 6.447000 0.030392
 6.448500 0.030452
 6.450000 0.030542
 6.451500 0.030679
 6.453000 0.030840
 6.454500 0.030978
 6.456000 0.031069
 6.457500 0.031124
 6.459000 0.031175
 6.460500 0.031264
 6.462000 0.031404
 6.463500 0.031593
 6.465000 0.031810
 6.466500 0.032010