1   0  1  0       5.1480027       8.1371431
2   0  0  1       7.4730736       6.9155327
3   0  1  1       9.0787732       7.0118649
4   0  2  0      10.3064321       2.2693772
5   1  0  0      11.9524412       0.3238665
6   0  2  1      12.7425387      14.4272396
7   1  1  0      13.0213734       2.5235000
8   1  0  1      14.1108334       6.7220422
9   0  0  2      14.9781688       9.3891199
10  1  1  1      15.0295584       7.3943509
11  0  3  0      15.4859066       0.9936096
12  1  2  0      15.8069831       1.4856811
13  0  1  2      15.8477772      12.7533823
14  0  3  1      17.2147409       5.7434954
15  1  2  1      17.5049640      20.3372215
16  0  2  2      18.2151682      25.8128538
17  1  0  2      19.2056013      47.4027363
18  1  3  0      19.6070789       4.2796858
19  1  1  2      19.8962412       7.3327403
20  0  4  0      20.6974378       0.7027059
21  1  3  1      21.0093242       9.4775150
22  0  3  2      21.6087073       2.2572299
23  1  2  2      21.8426431      30.6077815
24  0  4  1      22.0333074       0.2512611
25  0  0  3      22.5485638       0.1554156
26  0  1  3      23.1438329       4.5449220
27  1  4  0      23.9669845       5.6661120
28  2  0  0      24.0374555     100.0000000
29  2  1  0      24.5986924       4.9440107
30  1  3  2      24.7640650       9.7446621
31  0  2  3      24.8488130       3.8745835
32  1  4  1      25.1382007       5.4872271
33  2  0  1      25.2055960       0.9928406
34  1  0  3      25.5944096       4.9851662
35  0  4  2      25.6461490       0.6161273
36  2  1  1      25.7429482       7.1362424
37  0  5  0      25.9526526       0.3687114
38  1  1  3      26.1242986       3.4124142
39  2  2  0      26.2147956       2.0010748
40  0  5  1      27.0434372       0.5196030
41  2  2  1      27.2958536       6.8018809
42  0  3  3      27.4701845       3.6737083
43  1  2  3      27.6573204       8.1863543
44  1  4  2      28.3812646       1.5200248
45  2  0  2      28.4415120       2.6511498
46  1  5  0      28.6606417       0.7780147
47  2  3  0      28.7203521       0.8593477
48  2  1  2      28.9230559      13.7798342
49  1  5  1      29.6594521       3.7381639
50  2  3  1      29.7173294       4.0321053
51  1  3  3      30.0520483       6.2980692
52  0  5  2      30.0966927       2.7137816
53  0  0  4      30.2201902       0.5926404
54  2  2  2      30.3257518      10.0339573
55  0  1  4      30.6762606       1.2376415
56  0  4  3      30.7938699       0.4762716
57  0  6  0      31.2640499       0.3782251
58  2  4  0      31.9251978       0.6943642
59  0  2  4      32.0092589       0.3524673
60  0  6  1      32.1895087       0.7005621
61  1  5  2      32.4883999       2.0961213
62  2  3  2      32.5417292       2.9369937
63  1  0  4      32.6037286       2.9267949
64  2  4  1      32.8339683       0.3508476
65  1  1  4      33.0301794       1.1672998
66  1  4  3      33.1402875       2.0610005
67  2  0  3      33.1926856       0.3260420
68  1  6  0      33.5810240       2.4207525
69  2  1  3      33.6125043       4.0824639
70  0  3  4      34.1272449       0.4894295
71  1  2  4      34.2812877       3.6448334
72  1  6  1      34.4509712       1.0413590
73  0  5  3      34.6429134       0.1801875
74  0  6  2      34.8341395       0.3661725
75  2  2  3      34.8451555       2.4866396
76  2  4  2      35.4360082       0.4754629
77  2  5  0      35.6654398       0.7300559
78  1  3  4      36.2820713       2.8891283
79  3  0  0      36.4014691       0.0795406
80  2  5  1      36.4918505       0.8989914
81  0  7  0      36.6453075       0.5576829
82  1  5  3      36.7713623       0.6117935
83  3  1  0      36.7891473       0.3678438
84  2  3  3      36.8192215       3.0588762
85  0  4  4      36.9121489       1.2753703
86  1  6  2      36.9530062       1.9264815
87  3  0  1      37.2137620       1.3073751
88  0  7  1      37.4530565       0.9803508
89  3  1  1      37.5942459       1.6791109
90  3  2  0      37.9317520       1.1163260
91  0  0  5      38.0333438       0.1705097
92  0  1  5      38.4069072       0.7269837
93  1  7  0      38.6784431       0.1050384
94  3  2  1      38.7165627       0.8667721
95  2  5  2      38.8802341       1.1796501
96  0  6  3      38.8912106       1.2733489
97  1  4  4      38.9333800       0.6733481
98  2  0  4      38.9789732       0.3753784
99  2  1  4      39.3449470       1.2039049
100 2  4  3      39.4396586       1.2908374
101 1  7  1      39.4506931       0.2250107
102 0  2  5      39.5096636       0.4623330
103 3  0  2      39.5649572       1.4374069
104 3  3  0      39.7739263       1.8519136
105 0  7  2      39.7922479       0.0433732
106 2  6  0      39.8196452       1.2382853
107 3  1  2      39.9264283       1.2770306
108 1  0  5      40.0064415       0.8892451
109 0  5  4      40.2481363       0.2030425
110 1  1  5      40.3646166       1.8111135
111 2  2  4      40.4262033       0.9000915
112 3  3  1      40.5286755       2.0652347
113 2  6  1      40.5736869       0.3207409
114 1  6  3      40.8294310       2.6602522
115 3  2  2      40.9949053       1.3668602
116 0  3  5      41.2926764       0.0708166
117 1  2  5      41.4237282       1.0832945
118 1  7  2      41.6955398       1.6031923
119 0  8  0      42.1116637       0.0585278
120 1  5  4      42.1343879       2.0123786
121 2  3  4      42.1770993       0.4020444
122 3  4  0      42.2397484       0.5234955
123 2  5  3      42.6090466       0.3305890
124 3  3  2      42.7266475       1.1725744
125 2  6  2      42.7697590       0.5662101
126 0  8  1      42.8324077       0.3447195
127 3  4  1      42.9587503       1.1158070
128 1  3  5      43.1414037       0.3453253
129 3  0  3      43.2447775       1.0870774
130 0  7  3      43.4561821       0.6442444
131 3  1  3      43.5810705       0.8069372
132 0  4  5      43.6879718       0.1077112
133 1  8  0      43.9323750       0.2468021
134 0  6  4      44.0377365       0.4253695
135 2  7  0      44.3055466       0.5498410
136 2  4  4      44.5338119       1.2601336
137 3  2  3      44.5777732       1.1614333
138 1  8  1      44.6294307       0.6547180
139 0  8  2      44.9386335       0.1180905
140 2  7  1      44.9980203       0.5672317
141 3  4  2      45.0602527       0.8924594
142 1  7  3      45.2334017       1.1132020
143 3  5  0      45.2483984       0.3283378
144 1  4  5      45.4579924       0.1434711
145 2  0  5      45.4981977       0.6262406
146 1  6  4      45.7970537       0.9328782
147 2  1  5      45.8213479       0.4616330
148 3  5  1      45.9296827       0.9354354
149 0  0  6      46.0349574       0.1076939
150 3  3  3      46.2010792       1.3162206
151 2  6  3      46.2416088       0.5990072
152 0  1  6      46.3551978       0.5052420
153 0  5  5      46.6220118       0.0916317
154 1  8  2      46.6712411       1.8762818
155 2  2  5      46.7803823       0.7816586
156 2  7  2      47.0273249       0.2294110
157 0  2  6      47.3058745       0.4055374
158 2  5  4      47.4267013       0.2383841
159 0  9  0      47.6804052       0.3152690
160 1  0  6      47.7366548       0.9035326
161 3  5  2      47.9283853       0.3142291
162 3  0  4      48.0119133       0.1477541
163 1  1  6      48.0481816       0.6608484
164 0  7  4      48.2068575       0.3855443
165 0  8  3      48.2874266       0.5675710
166 1  5  5      48.3078411       1.6138438
167 3  1  4      48.3221000       0.5783248
168 0  9  1      48.3352008       0.3276608
169 2  3  5      48.3462180       0.4858649
170 3  4  3      48.4025250       0.5323248
171 3  6  0      48.7258073       0.2521437
172 0  3  6      48.8589088       0.2135753
173 1  2  6      48.9737934       0.0241616
174 2  8  0      49.0713477       0.2012641
175 4  0  0      49.2229392       1.0776037
176 3  2  4      49.2438524       1.2824966
177 1  9  0      49.3387690       0.2026619
178 3  6  1      49.3701792       0.5710075
179 4  1  0      49.5274463       0.5419110
180 2  8  1      49.7123923       0.5311973
181 1  7  4      49.8520853       0.3704814
182 4  0  1      49.8625420       0.1588345
183 1  8  3      49.9306739       0.6167900
184 1  9  1      49.9772775       0.6820610