1   2  0  0      10.3064327       6.0682838
2   2  1  0      12.7425392       5.9727330
3   0  2  0      14.9781688      15.1004607
4   1  1  1      15.0295585       0.6676425
5   2  1  1      17.5049643      25.6595259
6   2  2  0      18.2151686      18.4481345
7   0  2  1      19.2056013      46.0595513
8   1  2  1      19.8962413       2.2284073
9   4  0  0      20.6974390       5.2085699
10  3  1  1      21.0093249       0.1541137
11  2  2  1      21.8426434      18.4658866
12  4  1  0      22.0333086       0.5505994
13  0  0  2      24.0374555     100.0000000
14  1  0  2      24.5986924      11.3837294
15  3  2  1      24.7640656       0.5681090
16  2  3  0      24.8488132       4.8527900
17  4  1  1      25.1382017       0.0332134
18  4  2  0      25.6461500       5.5160978
19  1  1  2      25.7429483       5.8307379
20  1  3  1      26.1242986       1.6542964
21  2  0  2      26.2147959       2.7229630
22  2  1  2      27.2958538       1.6774463
23  2  3  1      27.6573206       9.1977876
24  4  2  1      28.3812655       0.8051457
25  0  2  2      28.4415120       0.0514333
26  3  0  2      28.7203526       0.2311206
27  1  2  2      28.9230560      16.1826332
28  5  1  1      29.6594534       0.6837571
29  3  1  2      29.7173299       2.3825996
30  3  3  1      30.0520488       0.9652129
31  0  4  0      30.2201902       2.2059696
32  2  2  2      30.3257520      20.2489812
33  4  3  0      30.7938707       0.4440464
34  6  0  0      31.2640518       2.4710863
35  4  0  2      31.9251986       0.2925745
36  2  4  0      32.0092591       3.4167367
37  6  1  0      32.1895105       1.3822899
38  5  2  1      32.4884011       0.0090067
39  3  2  2      32.5417296       2.4615231
40  0  4  1      32.6037286       1.7213672
41  4  1  2      32.8339691       0.0149876
42  1  4  1      33.0301795       1.2977603
43  4  3  1      33.1402883       1.2776767
44  1  3  2      33.6125043       0.4819707
45  2  4  1      34.2812879       0.3782072
46  6  1  1      34.4509729       2.6171837
47  6  2  0      34.8341412       0.0094326
48  2  3  2      34.8451557       5.3927704
49  4  2  2      35.4360089       1.4910556
50  5  0  2      35.6654410       0.0000392
51  3  4  1      36.2820717       0.1988052
52  5  1  2      36.4918516       1.1190843
53  5  3  1      36.7713634       0.1015814
54  3  3  2      36.8192219       0.3465379
55  4  4  0      36.9121496       1.3480033
56  6  2  1      36.9530078       8.9841583
57  1  1  3      37.5942460       0.4851532
58  2  1  3      38.7165628       1.6470902
59  5  2  2      38.8802351       0.8285315
60  6  3  0      38.8912121       1.0442374
61  4  4  1      38.9333807       1.0169094
62  0  4  2      38.9789732       0.6443729
63  1  4  2      39.3449471       0.9322551
64  4  3  2      39.4396592       0.0399939
65  7  1  1      39.4506952       0.0735508
66  2  5  0      39.5096638       1.2205568
67  0  2  3      39.5649572       1.6495210
68  6  0  2      39.8196467       2.8033745
69  1  2  3      39.9264284       0.4094836
70  1  5  1      40.3646167       0.0702448
71  2  4  2      40.4262035       0.7483657
72  3  1  3      40.5286759       0.0009941
73  6  1  2      40.5736884       1.5528725
74  6  3  1      40.8294325       0.9424846
75  2  2  3      40.9949055       0.0213661
76  2  5  1      41.4237284       0.9524923
77  7  2  1      41.6955417       0.1718017
78  8  0  0      42.1116662       1.0174637
79  5  4  1      42.1343889       0.0213493
80  3  4  2      42.1770996       0.1813969
81  5  3  2      42.6090476       0.3380892
82  3  2  3      42.7266479       0.1508416
83  6  2  2      42.7697604       0.1382069
84  8  1  0      42.8324103       0.3688650
85  4  1  3      42.9587510       0.0364426
86  3  5  1      43.1414041       0.0005891
87  1  3  3      43.5810705       1.8931682
88  4  5  0      43.6879725       0.0059952
89  6  4  0      44.0377379       2.2528638
90  7  0  2      44.3055485       0.0029155
91  4  4  2      44.5338125       2.2008029
92  2  3  3      44.5777733       1.0009870
93  8  1  1      44.6294331       0.0339674
94  8  2  0      44.9386360       0.1328473
95  7  1  2      44.9980222       0.0276821
96  4  2  3      45.0602533       0.1213133
97  7  3  1      45.2334036       0.1138619
98  4  5  1      45.4579930       1.0276037
99  6  4  1      45.7970551       1.3080267
100 1  5  2      45.8213479       0.0186038
101 5  1  3      45.9296837       0.9552514
102 0  6  0      46.0349574       0.0396333
103 3  3  3      46.2010796       1.0977814
104 6  3  2      46.2416102       0.3178854
105 8  2  1      46.6712435       0.1903230
106 2  5  2      46.7803825       0.5945955
107 7  2  2      47.0273267       0.1643760
108 2  6  0      47.3058747       0.2163459
109 5  4  2      47.4267022       0.0071559
110 0  6  1      47.7366548       0.6614133
111 5  2  3      47.9283862       0.0428890
112 0  4  3      48.0119133       1.0070741
113 1  6  1      48.0481817       0.1167767
114 8  3  0      48.2874289       2.2336698
115 5  5  1      48.3078421       0.1159752
116 1  4  3      48.3221001       0.7490794
117 3  5  2      48.3462183       0.0000346
118 4  3  3      48.4025255       0.3355869
119 2  6  1      48.9737936       1.7889404
120 8  0  2      49.0713500       1.0324081
121 0  0  4      49.2229392       1.7565068
122 2  4  3      49.2438525       0.8250080
123 6  1  3      49.3701805       0.2640299
124 1  0  4      49.5274463       0.1549620
125 8  1  2      49.7123945       0.2095320
126 7  4  1      49.8520871       0.1102184
127 8  3  1      49.9306762       0.3057410
128 9  1  1      49.9772803       0.0470050