1   0  2  1      12.7425387      22.0219947
2   1  0  1      14.1108334     100.0000000
3   0  0  2      14.9781688       6.3855010
4   1  2  0      15.8069831       2.6072259
5   1  2  1      17.5049640      64.5594491
6   0  2  2      18.2151682       3.8163285
7   0  4  0      20.6974378       3.0681736
8   1  2  2      21.8426431      18.2064681
9   0  4  1      22.0333074       9.4414006
10  1  4  0      23.9669845       0.6535618
11  2  0  0      24.0374555       0.0134802
12  0  2  3      24.8488130       0.3994969
13  1  4  1      25.1382007      39.7525437
14  1  0  3      25.5944096       6.4702980
15  0  4  2      25.6461490      61.1975756
16  2  2  0      26.2147956       0.1975311
17  2  2  1      27.2958536      20.5653962
18  1  2  3      27.6573204       7.1173260
19  1  4  2      28.3812646      73.1449863
20  2  0  2      28.4415120       4.4918988
21  0  0  4      30.2201902       0.2441549
22  2  2  2      30.3257518      10.6834031
23  0  4  3      30.7938699       1.8316790
24  2  4  0      31.9251978       0.2102110
25  0  2  4      32.0092589       0.0203425
26  0  6  1      32.1895087       0.6440541
27  2  4  1      32.8339683       1.3734205
28  1  4  3      33.1402875       5.2599228
29  1  6  0      33.5810240       0.1127983
30  1  2  4      34.2812877      14.2961091
31  1  6  1      34.4509712       2.8825155
32  0  6  2      34.8341395       2.3883953
33  2  2  3      34.8451555       1.7070050
34  2  4  2      35.4360082       0.3119201
35  0  4  4      36.9121489       1.7075348
36  1  6  2      36.9530062       2.0468028
37  3  0  1      37.2137620       4.5987468
38  3  2  0      37.9317520       4.0598249
39  3  2  1      38.7165627       2.4521645
40  0  6  3      38.8912106       9.8958613
41  1  4  4      38.9333800       0.2891904
42  2  0  4      38.9789732       5.9075894
43  2  4  3      39.4396586       3.3830686
44  0  2  5      39.5096636       1.7928682
45  2  6  0      39.8196452       2.8453422
46  1  0  5      40.0064415       0.3599058
47  2  2  4      40.4262033       0.1745408
48  2  6  1      40.5736869       3.0918508
49  1  6  3      40.8294310       0.2115167
50  3  2  2      40.9949053       3.7866691
51  1  2  5      41.4237282       0.3941868
52  0  8  0      42.1116637       0.1413692
53  3  4  0      42.2397484       0.1356589
54  2  6  2      42.7697590       0.3798650
55  0  8  1      42.8324077       0.1318452
56  3  4  1      42.9587503       0.3975708
57  3  0  3      43.2447775       0.7588095
58  0  4  5      43.6879718       1.0088275
59  1  8  0      43.9323750       1.2851903
60  0  6  4      44.0377365       0.1033971
61  2  4  4      44.5338119       4.6062428
62  3  2  3      44.5777732       3.8360171
63  1  8  1      44.6294307       1.0420980
64  0  8  2      44.9386335       1.4540870
65  3  4  2      45.0602527       0.4871020
66  1  4  5      45.4579924       0.7259694
67  1  6  4      45.7970537       2.4419382
68  0  0  6      46.0349574       0.2271936
69  2  6  3      46.2416088       0.6677445
70  1  8  2      46.6712411       0.6691886
71  2  2  5      46.7803823       0.4036713
72  0  2  6      47.3058745       0.3576218
73  0  8  3      48.2874266       1.2422157
74  3  4  3      48.4025250       0.8980387
75  3  6  0      48.7258073       0.1843779
76  1  2  6      48.9737934       2.2889927
77  2  8  0      49.0713477       0.0984301
78  4  0  0      49.2229392       0.5682166
79  3  2  4      49.2438524       0.0114121
80  3  6  1      49.3701792       4.0877807
81  2  8  1      49.7123923       0.1449542
82  1  8  3      49.9306739       2.6266192